data/elevation/batemans_20m.asc
ncols         411
nrows         551
xllcorner     242781
yllcorner     6038991
cellsize      20
NODATA_value  -9999
[rows 64 to 95 of 551, columns 0 to 72 of 411]
16.83 22.45 28.43 28.09 31.77 38.91 45.66 50.64 55.5 58.04 60.49 59.41 57.37 55.15 52.33 48.16 41.64 35.8 30.88 24.86 20.09 16.87 15.88 17.03 17.41 17.88 17.46 13.97 14.49 20.19 23.81 27.77 32.03 35.61 37.37 36.8 33.51 29.37 26.42 23.11 20.92 18.51 15.66 12.51 8.028 4.151 4.227 5.042 3.067 2.575 5.539 10.12 13.96 14.25 12.01 14.97 17.1 18.89 22.55 27.8 31.68 34.16 33.44 31.13 28.11 24.28 20.68 22.66 24.66 26.07 28.56 30.83 31.55
14.85 20.51 22.39 24.26 28.27 32.83 38.26 45.25 52.53 58.95 62.33 62.65 61.34 58.57 54.07 48.8 41.93 34.8 28.24 23.2 20.57 22.31 23.22 21.25 20.01 21.88 18.65 15.41 17.6 20.57 23.15 28.29 32.82 35.92 37.51 37.16 33.68 28.96 24.24 21.34 20.51 17.87 14.8 11.43 7.247 5.103 4.97 5.58 3.546 3.099 4.482 8.029 10.7 10.79 10.32 12.17 13.72 16.31 18.73 23.66 29.48 33.37 32.81 30.19 27.41 24.02 22.18 22.47 26.06 29.29 31.42 33.19 33.64
11.59 15.89 17.23 19.5 22.49 26.62 31.82 40.17 49.9 58.75 63.56 65.6 64.86 61.51 56.4 50.63 44.01 36.68 30.2 23.88 25.13 27.83 27.73 25.87 24.24 24.74 20.74 18.04 20.13 22.29 23.64 28.81 32.44 35.63 36.65 35.09 31.67 27.66 22.62 19.58 18.59 16.91 13.81 10.52 7.139 5.936 5.959 5.385 3.899 4.428 5.91 6.043 7.77 9.198 11.38 13.53 15.52 17.82 20.57 24.3 27.56 33.22 33.78 30.2 28.53 26.47 24.53 23.81 28.06 31.18 33.85 35.57 36
10.55 14.5 15.4 18.68 20.52 22.59 28.48 37.77 48.28 57.44 62.85 66.72 66.82 64.64 58.71 52.56 45.92 38.6 31.11 27.52 29.79 32.67 32.18 30.44 28.94 26.8 22.1 20.29 23.09 25.28 25.54 29.13 32.78 34.81 34.8 32.6 28.65 24.7 20.96 17.65 15.93 14.93 12.37 8.555 6.778 6.06 6.11 5.777 3.607 5.302 7.945 7.785 8.96 10.76 15.06 18.3 20.98 22.9 25.58 28.38 30.95 33.59 34.98 32.71 31.16 29.15 26.45 25.7 29.22 32.99 35.51 37.83 38.7
14.59 16.18 21.26 22.93 25.5 29.12 34.39 40.41 48.72 54.72 59.65 64.67 69 66.42 61.2 54.74 48.62 41.4 36.14 33.44 35.92 38.42 37.39 35.4 32.34 29.79 22.91 22.93 25.84 29.45 29.98 31.09 33.86 33.64 31.82 28.82 24.98 20.91 17.06 13.26 12.33 10.52 10.54 7.733 6.483 5.815 5.554 4.936 4.718 6.064 9.363 11.84 13.94 15.63 18.31 21.94 24.86 27.23 29.41 32.32 34.3 35.42 35.97 34.96 32.82 31.74 28.84 28.26 29.31 33.51 36.5 39.44 41.13
17.43 21.05 23.61 26.28 29.48 32.36 35.13 40.03 45.07 49.4 56 62.53 67.74 68.91 64.96 58.75 52.09 46.23 42.91 41.04 42.61 43.75 42.29 38.44 35.43 30.08 25.01 26.19 29.72 32.59 33.71 33.54 32.64 29.9 26.3 23.81 19.48 17.47 14.9 13.08 11.37 11.74 9.159 7.682 6.797 6.151 8.163 7.251 3.987 6.774 10.72 13.37 16.94 18.77 21.39 24.68 28.04 30.81 33.3 35.43 37.19 37.66 37.62 36.91 35.83 34.45 32.01 30.3 30.88 33.34 36.89 40.17 42.3
16.51 21.29 24.21 27.5 30.82 31.44 32 33.42 37.49 42.96 51.59 60.74 67.45 70.49 68.12 62.67 57.37 51.96 50.05 49.36 49.23 48.35 45.87 41.58 36.63 32.16 26.47 29.5 32.73 36.05 36.29 34.37 29.68 27.9 24.26 21.27 19.54 19.73 18.75 17.46 15.93 14.07 12.34 7.844 7.345 7.721 10.5 8.134 6.013 4.792 9.498 13.56 16.84 19.8 22.95 26.3 29.69 31.61 34.5 37.41 39.28 40.15 39.73 39.04 38.32 37.21 35.42 33.8 33.94 35.02 37.75 40.63 43.65
13.55 18.54 22.64 24.83 25.81 26.2 26.46 27 30.15 38.39 49.34 58.4 65.89 70.58 70.38 67.17 62.82 60.1 57.95 55.61 54.74 52.44 48.39 43.48 37.11 30.39 29.7 34.42 37.66 38.99 38.04 33.14 29.44 27.66 26.71 26.22 25.5 24.84 22.99 20.53 18.34 16.06 10.31 8.127 7.444 9.119 11.28 10.69 7.807 5.118 7.298 11.4 15.97 19 22.06 25.01 28.09 30.69 34.28 37.98 40.81 42.04 41.64 40.75 41.11 39.73 38.37 36.95 37.03 39.28 41.45 42.27 45.34
9.535 13.81 18.35 19.61 20.2 19.79 20.55 24.12 30.65 38.54 47.8 56.76 64.42 69.51 72.92 70.6 68.59 65.65 64.29 62.07 59.49 55.82 50.14 43.82 36.02 33.99 34.73 39.64 42.5 42.79 40.4 35.52 33.27 32.18 31.19 30.34 29.54 27.92 25.7 23.11 19.36 15.16 8.433 7.965 8.223 10.83 13.18 11.68 9.86 6.942 7.484 8.64 12.9 16.71 19.87 22.04 24 25.96 31.18 36.69 39.85 42.65 43.64 42.76 42.91 43.36 42.06 40.69 40.26 41.55 44.41 45.08 46.9
6.296 9.102 13.42 14.01 13.87 18.4 23.92 28.63 33.59 40.17 48.17 56.45 63.18 68.65 70.62 72.21 72.03 71.02 68.93 67.06 63.99 58.31 52.15 45.7 40.15 35.71 40.83 45.31 47.65 47.31 43.98 39.78 37.56 36.94 35.67 33.62 31.62 30.03 27.23 23.57 19.31 13.26 8.541 8.565 9.766 12.1 14.26 13.97 11.88 9.519 7.326 7.385 10.81 14.43 17.03 18.9 20.26 24.29 28.75 34.53 37.98 41.2 42.02 42.59 44.67 45.82 45.62 44.01 43.43 44.25 47.06 48.39 49.49
5.495 6.899 8.688 10.28 15.49 21.14 26.24 31.18 36.1 42.5 48.81 55.96 61.75 65.12 66.49 68.74 71.12 72.87 73 70.98 67.59 61.85 55.74 50.15 45.86 43.98 47.65 51.23 52.24 51.13 48.38 44.92 41.85 41.01 39.04 36.48 34.37 30.95 27.56 23.55 18.11 12.1 8.685 10.43 12.07 13.39 15.48 15.72 14.95 12.82 9.433 7.017 8.6 11.98 14.86 17.08 19.74 23.74 28.76 33.49 36.45 37.83 37.23 41.96 44.65 47.63 48.94 47.69 47.2 47.74 49.89 51.29 51.57
5.845 6.234 7.87 11.6 16.37 21.66 25.95 29.81 36.06 42.68 49.03 53.94 58.46 59.11 58.78 62.18 66.35 69.48 70.96 71.93 70.6 65.93 60.79 56.35 53.26 52.19 54.43 56.45 56.49 54.92 51.71 48.23 45.44 43.68 40.91 38.36 34.81 31.67 27.61 22.86 17.51 11.08 9.743 10.93 13.52 15.47 17.87 18.85 17.36 14.66 11.85 9.021 8.604 9.49 12.7 16.54 19.83 23.63 28.41 31.89 34.18 33.66 33.66 38.78 44.45 47.05 50.82 50.84 50.57 51.72 53.02 54.17 54.36
9.568 6.23 7.329 10.88 16.29 19.45 23.28 28.66 34.86 40.46 46.09 50.47 52.82 51.08 50.9 55.32 60.53 63.2 66.47 70.45 70.88 70 67.01 63.78 61.05 59.73 60.48 60.81 59.46 56.8 53.59 50.54 48.24 44.89 42.12 37.62 34.19 30.78 26.69 21.77 16.45 11.62 9.445 11.48 14.41 17.39 20.44 20.6 19.7 17.39 14.85 11.95 8.819 9.051 10.76 14.68 18.53 22.14 26.06 29.49 30.61 29.02 32.08 36.35 42.55 45.85 50.04 53.35 53.86 54.75 55.47 56.14 55.34
11.56 7.461 6.643 8.6 11.72 16.49 22.05 27.42 31.88 36.91 41.92 46.27 46.61 43.79 45.41 50.44 53.75 55.93 60.03 64.91 70.41 73.31 72.37 69.58 67.42 65.68 64.51 62.85 60.47 56.69 53.47 50.16 46.61 44.06 41.3 36.49 32.39 29.1 24.56 19.94 15.05 11.36 10.32 12.56 15.89 19.26 21.92 22.42 22.21 20.68 18.7 15.95 12.04 9.583 9.283 12.49 16.64 20.74 23.64 26.79 26.21 26.08 31.84 34.78 40.21 44.83 48.31 52.61 54.85 55.52 55.71 55.36 54.85
14.21 10.79 8.144 7.729 8.98 14.8 19.39 22.68 27.29 32.18 37.13 41.07 40.09 38.41 41.36 44.26 45.76 48.86 53.36 62.08 70.35 73.95 76.4 74.48 72 69.46 65.6 62.04 58.38 54.71 50.28 47.48 43.79 40.5 38.52 34.73 31.03 27.16 23.22 18.72 14.06 10.56 12.75 14.92 17.27 20.08 23 25.25 24.93 23.48 21.46 18.81 15.49 12.67 9.665 11.27 15.02 19.11 21.12 20.94 22.16 25.66 29.84 32.38 37.13 42.72 46.19 50.16 54.22 54.86 54.22 52.52 51.32
16.91 13.35 9.544 7.432 7.862 10.73 15.22 18.7 23.6 28.17 32.32 34.76 34.28 34.51 34.68 35.94 39.04 44.86 54.1 62.54 69.76 76.01 78.3 77.02 74.42 70.01 64.62 58.69 53.21 49.52 45.55 42.75 39.4 35.92 35.08 32.24 28.36 23.55 20.36 19.24 14.54 12.28 15.63 18.88 18.98 20.14 24.15 27.1 27.45 26.69 24.5 22.45 18.77 14.77 11.52 10.84 13.08 16.7 18.05 18.47 19.96 21.47 24.61 30.59 34.68 38.83 44.88 47.51 50.87 52.51 50.85 48.95 47.6
18.57 13.49 9.706 9.081 10.5 10.22 11.59 15.95 20.29 24.49 28 28.78 27.71 25.68 27.68 31.92 38.33 46.82 54.47 61.43 68.79 74.97 78.54 78.85 75.39 70.67 64.08 57.21 50.98 44.08 39.57 35.49 33.86 31.87 29.43 27.37 24.56 20.23 19 17.64 13.22 14.11 18.12 21.92 23.04 22.88 24.98 29.05 30.17 30.36 28.26 25.17 20.92 17.17 13.5 10.96 11.51 13.76 14.82 15.91 17.26 20.61 22.27 25.64 30.2 34.41 40.25 46.92 49.03 49.93 48.35 45.17 43.07
19.64 14.14 9.672 9.943 12.84 11.3 9.937 13.19 17.63 19.92 20.41 20.74 22.76 22.24 27.26 33.53 41.01 47.04 54.02 61.1 67.71 73.51 78.43 78.86 76.03 71 64.61 57.96 52.06 45.67 39.91 35.12 31.48 27.53 26.15 22.56 19.6 17.76 16.56 14.46 12.24 14.26 19.68 22.87 25.3 26.67 28.6 30.68 33 33.69 31.35 26.39 22.97 19.65 17.75 15.2 12.11 12.46 16.54 19.12 20.9 22.25 21.92 25.08 27.96 30.7 35.82 42.49 48.36 49.19 45.91 41.83 38.78
19.61 14.72 10.73 9.875 14.01 14.39 13.64 12.03 12.78 15.6 17.17 17.13 16.9 20.92 29.4 37.13 42.03 47.02 53.07 60.24 66.16 71.52 76.53 78.1 76.31 71.55 65.59 60.13 54.5 48.91 43.51 39.21 34.58 32.98 29.13 24.71 22.72 20.41 17.45 15.79 14.73 14.9 18.71 23.92 27.9 30.13 31.89 33.82 36.28 35.98 34.07 30.72 26.12 23.84 21.59 17.86 14.59 12.87 15.58 20.42 23.55 26.17 28.19 29.82 31.76 34.3 37.46 42.43 47.93 49.43 46.66 42.77 39.76
17.21 13.74 10.35 11.14 14.87 18.46 19.34 17.78 16.57 16.12 16.85 20.69 23.23 22.32 29.25 35.39 40.72 45.12 51.25 57.56 63.34 68.94 73.61 75.72 76.57 73.16 68.94 63.51 57.05 51.2 47.7 43.38 38.92 35.75 32.69 29.35 25.52 19.99 18.49 18.7 17.04 13.36 18.34 22.46 27.19 31.62 34.59 37.15 39.51 38.82 37.14 34.63 30.9 27.29 23.43 20.32 17.1 14.14 13.29 18.71 22.3 25.83 29.39 33.3 36.45 39.01 42.17 45.84 49.4 50.13 49.19 47.28 44.42
17.98 13.79 10.62 11.07 15.94 21.24 22.91 23.58 23.87 24.19 25.36 27.16 28.52 27.66 28.08 31.09 37.43 42.85 48.34 55.75 60.18 65.48 70.02 73.89 76.69 75.38 71.57 66.68 60.13 55.25 51.8 46.59 41.01 36.88 32.61 26.48 23.05 22.24 22.23 21.66 19.47 14.94 17.56 21.95 26.87 32.11 36.96 40.52 41.82 42.31 41.03 38.34 34.35 30.14 26.11 24.16 20.38 17.18 14.89 15.71 20.26 25.04 30 35 38.86 42.36 45.62 49.09 52.05 53.05 52.1 50.75 48.63
19.4 17.21 13.12 11.3 18.04 22.51 25.67 27.99 29.73 30.12 30.79 32.11 33.17 31.58 30.69 31.22 33.28 38.21 44.23 52.05 56.94 61.93 66.84 71.79 75.39 76.71 74.81 69.15 63.59 58.79 53.2 48.2 42.89 36.28 30.72 29.45 27.55 26.19 25.33 23.85 20.49 16.37 16.4 21.1 25.91 31.48 37.45 42.47 44.75 45.55 44.59 41.32 37.5 33.45 30.29 27.29 22.98 19.44 15.98 14.59 19.86 24.6 29.06 34.99 40.22 43.97 47.51 51.18 54.28 55.36 54.43 53.41 51.72
20.4 17.05 14.79 11.31 18.22 23.96 28.1 31.04 33.42 34.92 35.29 36.65 37.53 36.31 35.58 35.03 35.05 37.8 43.02 48.34 53.49 59.04 65.13 70.04 74.64 77.82 76.59 72.03 66.8 61.06 54.59 49.8 45.34 38.61 34.74 33.64 32.24 30.12 28.4 25.81 22.19 17.62 16.64 20.2 25.2 30.41 36.59 42.07 45.92 48.48 47.31 44.14 40.5 37 33.83 29.26 25.43 21.77 18.43 14.83 18.04 22.74 28.42 34.15 37.77 42.17 46.71 50.9 54.17 56.69 56.9 56.2 55.03
14.81 12.45 11.11 10.35 15.58 22.3 28.06 31.86 34.7 38.1 39.85 41.23 41.78 41.61 41.25 41.67 42.85 42.07 45.26 48.55 50.59 57.45 64.26 69.4 74.32 78.1 78.74 75.51 69.59 63.03 57.88 53.42 49.08 42.34 40.31 38.69 35.74 32.99 30.98 27.89 23.9 19.8 16.13 19.67 24.56 29.56 35 41.52 46.66 50.68 49.71 46.95 43.67 40.43 36.67 31.51 28.23 24.06 20.31 17.36 17.42 21.46 28.04 32.43 35.1 39.1 44.37 48.17 50.31 53.44 56.22 58.1 57.32
13.17 9.704 10.35 9.477 13.45 18.88 24.8 30.15 34.83 39.09 42.84 44.89 46.56 46.72 46.84 46.74 46.56 47.8 48.47 52.55 54.75 60.91 65.62 70.98 75.74 78.8 80.53 77.49 71.54 65.78 61.84 57.87 53.2 46.47 44.75 41.89 38.27 35.78 32.47 29.58 25.81 21.79 17.74 20.04 24.55 28.94 33.89 40.77 46.99 51.08 51.64 49.82 46.35 43.27 39.19 33.95 30.64 26.5 23.3 19.5 17.01 20.01 24.84 29.81 31.58 36.54 40.99 43.67 45.97 50.25 53.77 56.35 58.1
13.78 11.32 9.988 9.08 11.62 16.29 22.62 28.37 33.55 39.52 43.89 47.6 49.97 51 51.69 52.68 54.98 57.26 58.15 60.08 61.78 65.57 69.44 74.75 78.6 80.01 80.23 78.69 73.81 69.35 65.89 61.98 56.63 51.93 49.06 45.41 40.72 38.34 34.2 29.43 25.51 22.06 18.23 19.73 25.09 30.02 34.64 40.13 45.27 49.72 52.67 51.29 48.99 45.59 41.82 37.8 32.84 29.16 25.8 21.83 18.41 18.41 22.52 26.07 28.57 33.75 36.79 38.58 41.77 46.62 50.32 53.45 55.4
15.9 16.44 15.86 10.9 11.75 16.2 20.22 25.69 30.91 36.32 42.02 47.67 51.51 54.19 56.67 58.48 63.22 64.65 65.97 67.17 68.42 70.75 74.37 78.75 81.6 81.57 80.53 79.88 75.31 71.09 66.96 61.85 58.48 56.3 51.54 46.87 43.18 39.06 34.68 29.28 25.12 21.83 18.58 20 25.87 30.46 34.91 39.14 43.94 48.3 51.82 52.82 51.42 47.63 43.87 39.15 34.41 30.92 26.13 21.87 18.59 18.61 20.3 22.27 25.6 29.83 31.12 33.26 37.58 41.87 45.93 49.45 51.89
19.87 21.59 21.96 16.15 15.83 17.25 20.23 22.93 28.24 33.78 39.24 45.07 50.61 55.94 60.01 62.37 66.23 69 71.28 72.48 74.5 76.24 79.52 82.65 85.17 86.1 84.13 80.44 75.38 69.84 65.31 61.45 59.2 53.99 50.04 45.71 41.05 36.34 29.38 26.85 24.92 21.49 20.68 21.08 23.88 29.37 34 37.98 42.35 46.88 50.55 53.53 52.55 49.53 45.68 40.46 35.01 31.11 26.24 21.61 19.76 19.61 19.86 20.2 22.04 23.65 25.7 29.11 32.88 36.64 41.01 44.76 47.69
24.25 25.59 26.52 22.47 20.05 20.46 20.4 21.46 25.42 31.06 36.48 41.79 47.34 53 59.9 64.47 68.8 72.64 76.4 78.56 80.03 81.49 84.3 86.86 89.03 88.57 84.23 79.8 73.68 67.87 62.72 58.8 55.51 51 46.39 41.99 37.37 32.46 24.68 22.96 22.16 20.58 22.64 24.99 24.84 26.15 31.58 35.88 40.52 45.15 49.01 52.48 53.11 50.62 45.63 39.86 35.57 31.44 26.07 20.15 20.23 23.18 22.82 22.24 21.94 21.61 22.87 23.89 27.32 31.51 35.33 39.61 42.05
29.36 28.95 29.57 27.44 21.82 18.94 19.49 19.66 22.38 28.11 33.66 38.41 43.63 48.82 57.29 62.88 69.04 73.34 77.95 82 84.53 86.01 88.64 89.95 90.2 89.8 83.45 76.88 71.34 65.64 60.37 55.87 51.75 47.28 42.67 37.78 33.56 29.89 24.33 20.69 20.63 19.81 26.39 29.75 30.09 27.16 30.09 32.55 38.56 43.5 47.46 51.3 52.72 50.58 45.98 40.25 35.63 31.31 25.83 22.27 21.09 26.32 27.83 27.16 26.41 26.32 24.5 22.92 24.72 26.46 28.85 32.18 35.31
34.8 34.26 33.81 31.65 25.49 22.23 18.93 19.49 21.13 24.95 30.81 36.33 40.91 45.16 52.78 59.44 65.26 71.39 77.81 83.44 87.31 89.39 90.49 89.99 89.94 90.19 82.17 74.84 69.11 63.75 58.23 53.67 47.93 43.55 39.16 34.35 30.32 27.42 24.15 20.74 19.32 22.69 29.32 33.24 33.72 32.47 31.4 32.58 36.6 41.47 46.34 50.32 52.13 50.2 45.96 39.61 34.78 30.31 24.31 22.77 21.77 27.89 30.38 31.38 31.23 30.91 30.13 28.44 26.49 26.8 25.72 28.63 30.8
40.85 40.42 39.36 36.14 31.12 26.75 25.21 23.9 19.92 25.76 28.04 33.74 39.1 43.85 49.14 56.33 62.78 69.27 76.54 82.99 88.27 90.23 90.13 89.82 90.01 88.97 79.88 73.44 68.67 63.29 58 52.58 47.31 42.09 36.6 32.25 28.84 26.49 24.48 20.82 19.98 24.5 31.53 35.14 36.94 37.23 35.67 34.67 36.06 39.21 44.9 49.48 51.92 49.66 45.7 38.46 33.86 29.35 23.39 22.24 24.8 29.61 32.72 34.94 35.18 35.57 34.47 32.06 31.05 31.99 30.14 28.01 29.94
