data/elevation/batemans_elevation.asc
ncols         155
nrows         142
xllcorner     239681
yllcorner     6036351
cellsize      100
NODATA_value  -9999
[rows 108 to 134 of 142, columns 0 to 60 of 155]
31.8175 53.02078 56.84734 56.64422 52.56313 40.41531 39.13562 34.47906 29.57094 23.14028 15.00981 11.17219 10.48109 12.33562 15.45125 16.70203 11.50666 21.09063 24.17266 27.18969 17.25958 11.30852 17.77391 24.78375 36.7675 42.49688 36.76563 38.74937 32.70937 32.26109 29.29625 29.21797 36.84922 42.80969 37.32141 18.37625 14.15672 15.63313 22.29172 30.79766 32.5611 40.35032 53.20656 71.84843 74.85188 55.54844 50.53047 69.6625 76.71391 63.76938 50.97875 54.42234 54.11094 57.62109 66.75 88.43531 106.842 103.8508 101.4375 84.50078 60.28891
16.68813 31.45281 39.32625 44.7086 45.43953 38.30953 35.93297 30.98063 25.51141 16.48609 12.33766 13.30344 15.63938 23.91688 27.29734 22.85281 15.61406 22.79766 29.80547 32.98 21.8925 10.65969 20.66203 27.825 37.55922 44.12703 47.66844 45.88985 41.83031 39.76406 36.91328 34.74469 38.24234 43.36375 37.59031 22.74531 18.65937 15.77672 16.97906 17.79078 21.69078 27.81578 44.17984 67.8364 58.40156 45.39625 51.86422 67.65219 63.37547 48.55344 48.51672 58.05469 67.86953 74.51437 81.05891 94.55016 83.80984 92.35016 109.8548 95.39687 87.20937
9.476484 21.18953 31.75828 30.84297 34.32469 31.10797 27.11813 24.2025 20.94734 18.86594 19.45578 18.93469 23.21359 34.39891 34.77547 25.21609 20.56406 21.66172 30.07187 35.22453 23.51125 11.53422 12.98187 19.475 28.20219 32.00594 45.38328 51.07266 50.75297 49.19453 45.40234 41.43922 49.45484 47.85594 43.73875 30.66328 22.27813 18.83375 23.50875 28.05953 30.85015 31.87047 41.65641 53.9911 44.05547 46.36813 61.24625 66.9975 53.37703 45.24015 52.05109 58.72812 65.79688 72.5714 82.35031 83.51031 67.30672 81.40953 106.0978 108.9047 112.1406
5.156687 14.16016 21.26672 20.21312 23.34969 22.01203 19.43625 19.97219 19.78781 21.94391 27.19703 23.96109 29.20391 41.19719 36.24172 30.2625 30.52735 22.76 26.81156 42.04328 34.51469 22.14803 16.56053 12.06031 16.93781 24.86844 32.83484 36.20938 42.73203 54.33125 54.06562 48.85859 54.92485 44.59297 44.62578 33.39328 20.5975 22.30281 28.09734 36.86328 44.00922 41.02672 42.20953 42.84469 41.99313 50.80672 62.47703 58.10844 46.78859 41.68781 41.99718 42.86594 45.27453 52.92312 58.55359 61.28109 66.12969 84.50281 95.66141 86.08125 107.2719
2.161609 6.875 15.97945 24.34156 25.34719 26.72531 22.98781 20.62828 21.39641 27.73922 33.98531 30.63766 33.67672 45.50719 37.50563 35.01094 39.72 30.74063 28.56875 43.67594 45.3075 31.47125 21.65953 15.97953 13.28328 18.03328 23.30437 23.13344 31.42234 46.95609 60.80375 57.26015 42.89422 34.29219 30.41797 24.13703 20.63719 23.505 34.89172 41.91188 42.92594 43.92047 45.56656 45.57609 43.03516 44.15641 41.90172 40.87578 41.46922 42.44062 47.31797 54.02094 51.90094 47.62141 53.54406 59.58453 61.66547 66.31875 74.48203 77.41953 96.29922
0.939786 3.893703 11.49589 24.19797 36.01297 33.06422 28.18922 25.6 26.41313 34.26172 39.14219 34.54344 36.17453 42.70484 40.79156 42.87719 48.16813 37.35109 31.42531 38.57859 45.12672 35.43156 24.63547 23.55016 26.87406 16.23578 20.80219 28.56281 36.69875 46.44781 61.56578 53.73985 40.65562 33.78172 29.11922 29.29422 30.04281 26.99562 37.49719 45.18609 43.75578 47.80719 49.89 49.65313 46.46406 42.2711 42.80469 43.45906 42.84172 43.96734 54.16891 64.34641 67.62968 58.56937 63.06547 77.15641 70.19484 65.24593 65.60297 72.93719 79.84032
0.2693641 1.772023 6.481203 15.83055 30.72313 35.9025 33.11734 34.64609 33.96859 37.10469 39.97734 38.73328 39.04875 39.78688 41.21734 47.44828 53.42672 41.71047 40.92141 42.81922 45.94156 41.57219 29.55734 31.17594 33.33109 17.83734 18.43891 25.99094 42.52844 55.60172 66.33688 68.72813 52.92047 48.76141 38.82938 37.13094 42.34906 30.97766 36.80734 50.49859 48.56594 51.07985 53.9439 53.87578 49.88672 44.51641 48.51484 54.9575 50.50891 43.10015 48.06734 60.45031 75.55078 75.83734 77.88031 90.91422 76.28078 77.71391 76.08656 79.57781 85.53172
0.1027875 0.7691796 3.038672 9.788078 23.38141 36.68828 37.91328 44.14406 45.31953 40.42 39.92625 40.11734 40.25187 39.99078 43.36578 50.75094 49.52391 39.66359 45.12531 53.32656 53.85078 49.65688 36.2436 40.98531 34.68547 19.63656 17.92953 19.4275 29.89547 39.97453 52.68859 72.57343 74.36547 64.77844 44.43937 41.38875 49.99047 35.18859 36.25657 53.63406 56.70125 56.82172 58.33969 57.99031 52.33844 49.61484 51.79375 62.7711 64.87875 50.36422 44.02281 49.19594 60.32984 73.11516 85.30656 94.32829 88.28609 89.61765 86.52312 94.20781 105.5137
0.0362432 0.2619469 1.512977 6.4395 17.93234 35.32969 42.44609 44.25594 46.69391 42.7875 40.54766 40.25219 39.02469 40.07141 41.87531 45.10469 34.88422 31.88359 42.125 44.78234 47.81734 56.61922 50.27156 45.41578 33.47609 22.49734 24.06375 25.45828 24.265 27.28266 39.53969 58.5325 67.07047 65.33844 56.48219 51.565 51.08609 38.36797 36.08125 51.57813 67.31157 64.09 60.00406 60.01063 58.695 59.32516 58.69625 61.56281 69.20579 61.42469 53.43484 48.19266 54.01969 62.08688 66.39 73.48828 93.68375 99.80937 102.1539 108.9194 98.02047
0.01132392 0.1020141 0.6801578 2.834831 10.57109 25.30062 40.4514 43.16312 41.04344 41.16 37.63734 33.31047 32.61672 34.90328 37.06969 38.02328 31.485 28.48891 34.61703 28.88797 39.04078 51.77469 44.36844 39.00109 28.97391 23.90031 28.36516 37.09875 32.19094 26.16906 35.28703 45.9725 47.36172 53.04313 61.88688 70.92672 58.76937 47.90594 43.1075 51.73063 68.91485 63.52547 59.99031 59.96422 60.06812 59.97016 60.02016 59.81234 62.72063 69.70625 65.40547 64.4789 60.92547 59.87922 60.48156 65.48438 74.12688 78.89875 92.88078 99.98063 86.32203
0.003063453 0.03914492 0.3219547 1.237253 5.570313 15.58578 29.28969 37.39281 33.26453 31.27875 28.38109 24.89641 22.13781 23.4525 25.95875 27.92953 23.08734 17.48891 20.96469 25.80047 45.13141 50.89969 41.65359 34.87453 31.16766 26.83078 30.06516 40.6925 37.26984 27.03781 29.08547 37.08109 48.12031 59.99234 69.51578 81.87281 70.92953 60.12156 56.57703 54.50563 68.66797 65.94734 60.56063 59.98141 59.965 59.97094 60.03656 60.20453 60.33703 64.37968 69.17656 77.37344 67.52703 64.95344 66.76672 62.34766 69.26828 75.17532 88.505 106.8752 98.74078
0.0006710344 0.02019742 0.1061888 0.5416625 2.358625 7.7525 17.94938 24.50594 22.70203 20.17328 20.45375 19.62125 20.095 20.79969 19.78406 17.53594 17.47656 17.03766 16.23219 26.41 43.16641 48.14156 49.13688 46.36562 40.07266 36.26859 34.87094 45.7486 39.11781 32.46469 35.96312 31.22391 39.69032 51.22984 64.51578 80.28204 85.11219 85.6625 74.31328 65.36531 70.90765 66.34515 62.08031 60.08406 59.94859 60.99 64.78844 60.92156 60.95469 60.02797 62.49828 79.72203 82.99329 78.23812 85.81313 74.44578 81.4136 92.97031 94.68125 97.37563 95.87328
0.0002407724 0.003090336 0.03971061 0.1475837 1.131175 5.757891 16.53055 26.49906 25.49453 25.75016 25.55016 23.78765 24.42266 26.03297 25.25875 22.72781 22.25484 25.09766 17.78281 19.33391 31.43359 40.99859 52.91031 55.65266 50.08125 49.39297 45.13594 50.95797 40.68922 41.24187 42.82703 35.53969 34.74266 41.31859 46.40765 58.39563 74.6325 91.48891 97.41157 93.49532 86.70953 67.47297 60.21359 60.00078 59.98094 60.74234 72.20329 80.41953 70.51218 61.49688 60.47422 67.91125 89.88453 92.87594 99.48375 94.89203 99.32469 94.91859 80.17875 74.04015 76.10235
3.824547e-005 0.0006768875 0.009763227 0.08511312 0.6919687 3.517469 11.65575 23.30344 32.91078 34.49609 32.47109 30.49328 30.38562 32.41969 29.65797 26.70297 28.42281 26.19891 16.7575 16.28281 27.335 39.86672 41.95187 51.60344 47.54812 56.53359 54.8125 58.50672 46.44141 48.02984 46.84078 45.82625 39.56875 40.8536 53.74187 64.75859 72.88 82.62297 98.69797 109.1547 96.50656 76.77625 64.04109 60.04562 60.00094 60.59922 72.05312 93.00094 86.74391 82.42188 79.28516 74.85641 88.07578 94.86063 89.28797 94.7575 112.7836 98.12579 81.01015 64.45875 59.46328
2.280484e-005 0.0002549695 0.004682867 0.0225232 0.2774531 1.645203 7.673563 18.07203 31.64594 39.01406 38.36797 36.60266 36.42781 37.70484 32.99 28.69594 30.94078 27.90828 17.95516 13.86406 21.45766 26.05813 28.85812 33.12141 39.09734 42.7625 50.39688 59.94969 61.17422 60.03375 56.14156 57.15828 47.04688 43.62469 46.76688 65.83047 82.39562 95.23703 105.5152 108.4984 106.3081 95.78094 76.04969 62.06594 60.85406 60.57422 70.7625 93.15797 105.9705 111.0547 100.5508 82.56344 74.91485 77.90437 72.26531 87.08485 107.7719 107.3187 99.59375 76.39156 69.63985
4.308156e-006 4.425344e-005 0.000788248 0.01043287 0.0703686 0.6857812 4.561781 13.55978 29.51813 36.55109 39.47609 39.88562 41.19953 42.69234 39.23063 33.49625 39.565 30.87219 20.58391 14.69391 15.33609 23.56203 33.2925 37.11297 41.60984 48.03656 51.56781 57.08719 66.74125 69.78766 71.92593 65.58625 58.32109 49.81672 46.62922 52.12516 67.04188 83.68781 94.41203 87.95657 100.2384 107.5864 90.50594 75.25797 65.05375 63.46734 72.96344 85.28641 108.8719 117.7438 100.9359 83.22734 72.81922 61.03516 62.69688 80.6711 83 91.25781 105.3898 92.28172 82.09266
2.449608e-007 1.16185e-005 0.000137377 0.001960166 0.02590031 0.3368828 2.4785 7.616234 21.53969 33.62 39.33484 39.83266 40.97485 44.62219 41.85656 38.53828 37.60484 31.82391 25.52703 23.04875 14.87281 24.5736 40.31109 44.69797 48.16375 57.49469 52.13297 42.62563 51.24109 53.0875 62.05625 71.44266 70.02703 61.61047 58.68859 53.30547 52.08219 64.51157 70.36547 70.39859 86.07781 101.6719 107.6297 96.80141 78.51328 83.23219 98.20094 104.8017 116.0859 131.3156 115.2375 96.62813 74.57703 72.41203 60.23859 58.61594 58.70234 80.53766 84.52359 67.07594 71.36501
1.263264e-007 3.160274e-006 3.773409e-005 0.00169574 0.00889825 0.1733344 0.8023125 4.54097 12.19106 26.42406 37.70297 39.16297 43.73812 48.30094 47.53219 43.55375 37.585 31.95797 29.97125 31.20375 18.42328 17.13609 23.64547 33.18813 45.20422 44.14203 34.51703 40.90797 47.42797 50.37547 53.7364 58.06641 67.86734 74.45969 74.19797 70.31203 59.82109 59.24719 66.23312 70.27344 73.94703 83.59906 101.3475 112.6542 106.3977 109.7094 117.6 119.2359 118.4516 119.4719 117.6906 108.8422 95.66094 92.76719 77.09296 57.31937 52.38719 65.68656 72.94672 57.38625 45.65562
3.537016e-008 1.108961e-006 1.557011e-005 0.0003312326 0.003140156 0.03178984 0.3293203 1.860916 6.410985 18.29594 30.61781 37.52625 45.75688 51.4361 51.24547 42.59828 31.85531 31.80953 28.47906 26.30453 19.95766 13.69156 21.89234 35.10453 37.68703 33.09438 35.02406 52.16265 67.60375 74.43797 73.15828 65.02031 65.55719 73.18625 83.81516 86.85969 82.00703 75.55891 81.13078 94.64844 84.91266 88.64516 93.79203 106.1042 122.2391 118.9672 114.8891 115.0797 102.8297 95.99766 103.107 108.0141 108.2984 107.0086 95.33047 77.35687 59.91843 50.4975 47.23422 43.93469 40.57516
1.396078e-008 2.073766e-007 3.648903e-006 5.820001e-005 0.0006233141 0.01374102 0.1709347 0.5632781 3.425187 11.61563 23.62469 36.77422 48.90141 55.74922 53.94141 41.65141 26.20281 24.34031 21.69031 17.87109 16.70328 11.16109 16.44703 27.48063 29.29594 28.2925 41.94875 60.36078 76.67875 83.03 85.93 85.50562 88.34906 86.81609 89.46297 89.83547 90.43328 93.40594 90.18328 105.6525 113.7936 118.6827 115.0873 110.4353 134 117.0672 100.6633 99.22688 86.74984 78.48485 78.30516 80.31 90.53797 93.41438 95.31281 83.28218 75.72344 63.97453 47.81437 40.27719 41.49578
2.419344e-009 5.46382e-008 2.032843e-006 2.567231e-005 0.0007229953 0.006905328 0.07700431 0.2427455 1.549158 5.329422 15.15934 32.53875 50.50672 56.71328 47.36328 34.78437 27.14375 26.48969 26.65219 27.81938 25.13469 17.29984 11.13562 18.81481 22.0925 23.99063 34.89219 50.00219 61.94469 61.62516 76.83063 94.89 100.6516 91.76828 74.84797 71.72516 83.51469 103.9688 107.7875 114.1422 130.2203 139.5906 136.9734 135.5266 140.4016 132.4484 114.5422 102.1167 88.79578 85.31454 74.9161 62.5836 63.79469 66.32407 66.88656 70.87656 73.52078 69.91969 57.78922 42.46359 42.33469
1.10348e-009 2.837922e-008 1.037777e-006 5.057272e-006 0.0002962811 0.002280797 0.03074147 0.08677199 0.3343923 2.326648 8.394593 25.34341 48.44922 53.78547 42.35656 34.42859 33.79688 34.35484 34.49078 37.09328 32.23156 15.48962 10.46384 12.86125 19.81031 24.65375 30.16391 39.99937 43.88094 48.84094 63.45656 78.48125 73.61797 62.62812 53.39922 56.55156 74.61485 93.23563 103.3489 107.012 132.1953 132.9406 136.4719 139.3766 129.7234 124.8703 116.675 109.2719 106.8469 104.1672 94.17109 80.09828 64.79328 60.07391 55.59266 53.86078 52.06953 53.61656 52.49391 42.01328 40.81359
5.73425e-010 2.124953e-008 1.174197e-007 1.736006e-006 3.175633e-005 0.0003390117 0.001751195 0.01948394 0.1169627 0.9121562 4.642953 16.13419 38.36406 49.82766 41.08625 29.95047 31.51406 31.50797 30.02672 34.55812 30.31906 9.468532 12.18962 12.04969 17.49781 22.81547 27.81391 35.05797 44.57156 47.66516 51.53469 51.04609 47.97266 48.69453 51.78594 60.59922 81.77109 88.59578 80.56844 85.20344 105.0695 105.4484 119.3938 126.5563 110.1875 98.27266 89.96797 88.8336 95.4289 99.54453 99.49766 89.02875 76.57922 74.86687 72.9286 71.01703 58.88984 45.29391 41.08141 38.30625 38.52688
1.263005e-009 4.293422e-009 3.129358e-008 2.160708e-007 2.252877e-006 2.807172e-005 0.0004974225 0.003862003 0.05801828 0.5405469 2.576938 9.847406 24.99047 37.37062 36.1925 26.06516 22.38766 21.92156 21.15359 27.24781 27.83109 9.377812 15.08797 16.72969 17.15219 17.61281 23.87297 28.47656 29.53281 29.65375 34.29359 32.94359 33.24109 42.6875 54.40469 70.80437 85.0575 79.66844 65.14265 71.46203 81.04297 92.38203 112.4594 107.1062 100.965 104.4861 88.915 71.95953 72.4389 73.08719 77.98406 81.96703 79.65203 80.1075 80.12859 72.94391 58.47094 48.60375 47.01703 38.94844 31.595
8.39986e-010 1.72582e-009 3.941937e-009 1.16772e-008 5.719094e-007 1.807455e-005 8.789625e-005 0.00123949 0.02878886 0.4396875 2.067462 4.774406 13.74805 22.32172 26.16937 21.21078 17.39391 15.41562 16.09844 15.29375 14.59297 12.10563 18.96734 25.27203 26.43734 25.65656 23.37844 21.67344 22.70906 26.44203 34.135 36.55125 33.91734 39.80203 52.23484 63.40094 69.4225 62.71547 60.08109 68.31484 68.80453 85.63094 102.6575 94.77171 84.30313 104.8633 104.2867 85.24438 75.19907 64.01515 54.24328 60.79562 66.11172 72.57953 79.76859 71.8075 62.70922 64.42703 56.40281 42.77969 31.33781
3.535235e-009 7.428281e-009 1.051398e-008 1.549828e-008 1.615352e-007 4.826312e-006 3.723694e-005 0.0006251814 0.01213239 0.1402711 0.8605531 1.970614 6.184406 12.50359 17.94063 23.93531 25.22281 22.25484 18.31422 16.19656 11.40519 10.02297 15.47047 18.74984 20.725 28.50078 34.12578 36.36734 32.83937 32.04672 37.64437 48.19516 34.5275 36.63313 48.96359 57.695 53.08625 51.66969 56.82906 63.48281 63.41031 73.3875 83.70469 86.17735 76.2711 91.70235 94.52422 78.27266 79.04953 77.87453 67.98937 56.10531 51.89906 53.08953 65.31141 78.04282 79.76625 71.39656 53.88797 40.2911 30.32844
8.503593e-009 1.453148e-008 1.878203e-008 3.50786e-008 1.057734e-007 8.351719e-007 1.211869e-005 0.0002224244 0.002337547 0.03071484 0.1420375 0.5630969 3.090891 10.58992 22.98672 35.33141 39.06734 34.42047 26.93297 20.57078 13.67316 9.712266 12.04648 16.93344 18.22188 20.94766 30.35 40.6025 45.74016 40.13031 36.34906 48.85687 39.7986 39.95656 47.62687 51.85125 51.76594 57.03141 64.96812 66.31094 71.58062 76.68984 85.32344 83.74062 71.02734 74.66953 79.52656 67.58984 67.57844 77.50891 79.79172 76.61 67.61469 50.96141 46.07 63.62094 78.78812 71.69968 57.32 39.78016 30.12453
