data/elevation/batemans_20m.asc
ncols         411
nrows         551
xllcorner     242781
yllcorner     6038991
cellsize      20
NODATA_value  -9999
[rows 32 to 63 of 551, columns 0 to 72 of 411]
1.597 4.669 7.74 10.19 11.05 11.91 18.82 25.44 28.78 31.35 31.79 29.98 27.24 28.13 28.85 29.72 30.59 26.47 20.71 19.78 18.59 15.77 19.86 24.26 26.74 26.6 26.47 26.33 24.7 22.03 16.16 13.37 10.68 7.617 4.038 3.666 2.676 1.355 0.7268 2.292 3.592 4.703 4.951 1.971 1.082 3.056 4.473 5.879 8.841 10.75 10.81 11.18 9.19 5.843 2.37 3.611 6.721 9.963 12.39 14.24 17.17 19.92 21.9 23.31 23.05 22.04 21 17.62 15.22 18.88 23.33 26.17 28.78
-0.3263 1.933 5.18 8.729 11.73 14.83 21.09 26.12 28.93 31.73 29.09 24 18.92 22.83 25.47 26.19 26.91 23.74 20.26 16.69 13.9 11.08 12.46 17.63 22.87 23.45 24.03 24.01 22.91 17.21 10.4 7.341 5.25 4.097 1.18 1.559 0.8012 0.2184 0.3224 0.8059 2.488 6.535 6.536 5.019 3.453 4.572 5.749 6.509 9.085 11.48 13.09 12.95 11.39 7.32 4.123 3.106 5.6 10.2 13.1 16.36 19.42 22.13 24.75 26.05 26.46 25.55 23.74 22.09 18.02 18.3 23.17 27.69 30.51
0.07481 -0.7109 2.678 6.165 9.652 14.72 20.29 25.5 28.43 28.35 25.36 17.38 10.59 14.88 19.29 22.81 22.17 18.69 17.17 15.68 12.29 8.78 6.841 12.41 18.45 19.16 19.74 21.33 20.25 13.09 6.074 2.869 1.29 0.4729 0.2565 0.8087 1.179 1.238 1.031 1.283 2.218 5.912 7.726 8.656 6.671 7.179 7.781 7.584 9.266 11.6 14.13 14.21 12.94 10.01 5.225 2.733 5.049 9.237 12.8 16.09 20 23.48 26.57 28.89 29.44 28.87 26.9 24.78 21.19 19.72 22.64 27.28 31.7
0.6081 -0.1025 1.001 3.256 6.743 11.77 18.07 24.38 24.69 23.86 22.96 14.97 8.871 7.09 11.48 16.13 19.55 19.13 17.64 16.14 13.18 7.939 4.368 8.983 14.13 17.79 19.89 21.9 19.03 12.04 6.329 1.048 0.3649 0.8136 1.251 1.438 1.426 1.36 2.1 3.647 5.675 8.26 9.654 10.73 10.24 10.05 10.49 10.03 9.586 11.62 14.85 15.97 15.18 11.66 6.613 2.784 4.734 7.807 11.73 15.13 18.92 23.58 27.7 30.16 32.01 31.15 30.02 27.48 23.88 20.1 22.13 27.46 32.39
1.051 0.5059 1.411 2.744 4.076 8.737 12.86 16.99 17.72 17.65 17.69 14.05 8.572 2.88 4.68 11.06 15.54 15.66 15.77 15.89 12.58 6.063 1.939 6.347 11 15.96 18.88 22.04 18.52 11.91 5.357 1.398 1.118 1.55 1.311 1.287 1.298 1.322 2.881 5.963 9.172 12.08 13.15 13.71 12.62 13.03 13.33 12.8 12.11 12.82 15.94 17.12 16.73 12.99 8.989 3.787 3.976 6.944 10.49 14.33 18.51 23.49 27.87 30.51 33.63 33.48 32.72 30.81 27.16 22.86 22.57 28.03 33.46
0.9156 0.76 1.147 2.342 3.536 3.977 5.375 9.502 10.3 10.56 11.13 9.718 4.246 0.274 0.8787 6.183 11.54 11.03 10.41 9.794 7.757 3.044 1.675 3.944 8.458 13.96 18.84 20.02 17.95 11.86 5.322 0.8882 1.245 1.236 1.248 1.229 1.985 3.059 5.736 8.724 11.5 14.76 16.3 17.73 15.78 16.03 16.55 16.27 15.05 14.95 17.32 18.39 18.33 16.11 11.6 5.353 3.886 5.894 9.567 14.08 18.75 22.31 25.82 29.59 33.39 35.05 35.82 34.1 31.07 26.96 22.21 27.63 34.07
1.029 0.8691 0.6276 1.422 2.321 2.685 2.984 3.284 3.437 4.006 4.401 3.904 -0.08119 0.5842 1.229 1.799 6.083 4.915 4.005 3.299 0.8798 0.3997 0.8564 1.948 7.539 12.94 17.37 20.81 17.3 11.77 4.569 0.6413 1.117 1.322 1.372 1.172 2.981 5.296 7.749 10.45 13.45 17.04 19.83 21.21 19.32 18.42 18.23 19.73 18.4 17.97 19.57 20.06 19.8 18.35 13.11 8.008 4.194 5.72 9.37 13.47 17.08 18.86 22.56 27.42 32.16 35.72 37.01 37.2 34.74 31.29 26.61 26.59 32.93
1.177 0.9676 0.7261 0.503 1.01 1.376 1.692 2.233 2.163 0.03369 -1.252 -0.5452 -0.1329 0.9041 1.171 1.092 0.7144 -0.02478 1.023 1.327 0.9732 0.8531 0.8566 0.8725 5.317 10.4 15.68 19.28 16.57 11.21 4.124 0.7724 1.189 1.363 1.234 1.342 3.343 6.227 8.374 11.29 15.31 18.21 21.06 24.09 24.2 20.96 19.77 22.29 21.77 21.04 21.84 21.87 21.3 19.37 15.04 10.38 4.785 5.743 7.56 10.67 13.85 17.12 21.38 25.55 29.09 32.63 35.82 39.12 37.77 34.14 29.95 30.94 34.35
1.308 1.067 0.86 0.7554 0.8492 0.2724 0.5381 1.254 1.238 0.7695 0.1412 0.9559 0.9956 1.123 0.9572 1.016 0.6387 1.26 1.674 1.263 1.431 1.309 0.8672 0.4706 3.177 7.045 13.5 16.17 15.66 10.71 3.404 0.8019 1.333 1.219 1.164 1.33 2.244 4.534 7.726 10.78 13.63 17.88 21.59 25.03 27.18 25.86 20.4 21.96 25.09 23.84 23.67 23.43 22.59 19.33 15.24 10.4 5.834 4.48 6.529 9.452 12.99 15.72 19.62 22.6 25.85 28.15 32.37 36.79 40.12 38.5 35.16 35.62 38.05
1.323 1.252 1.045 1.092 1.374 1.288 0.7628 1.172 0.986 0.9739 1.377 1.631 1.001 0.9452 0.9224 1.217 1.381 1.274 1.133 1.218 1.28 1.245 1.077 0.6892 1.229 3.425 9.182 12.83 13.79 8.685 3.006 0.8951 0.9838 0.9866 0.9863 1.217 3.29 5.48 7.519 10.07 13.33 17.72 21.48 25.35 28.28 28.71 25.05 23.14 27.45 26.33 24.9 23.68 20.3 16.53 13.47 10.07 7.113 5.321 5.369 8.321 11.2 13.91 16.38 18.88 21.53 25.33 29.07 34.77 39.55 42.43 42.31 41.09 42.66
1.018 1.098 1.234 1.249 1.267 1.368 1.34 1.438 1.057 0.9441 1.048 1.159 0.9019 0.972 0.8717 1.02 0.9776 1.168 1.087 0.9694 0.9527 0.9758 1.069 1.284 1.088 2.065 2.794 7.243 9.023 5.488 2.394 0.6622 0.9394 0.9094 0.8822 1.452 4 7.192 9.662 12.32 15.09 18.11 21.72 25.46 27.51 28.68 28.86 23.79 27.28 27.46 25.77 22.7 18.26 15.28 12.61 11.75 9.385 7.338 5.15 6.88 9.067 11.25 13.82 17.01 20.8 24.82 30.01 35.66 40.39 44.22 45.55 46.64 48.63
0.8714 0.8462 0.9692 0.9128 0.9515 0.9232 1.034 1.023 0.9787 0.9984 0.5724 0.9826 1.111 1.104 0.9874 0.8384 0.9361 1.062 1.102 0.8943 0.9126 0.9367 1.141 1.364 1.237 1.057 1.405 1.348 2.894 2.005 1.496 0.9487 1.237 0.959 0.9402 0.9862 3.874 7.051 9.844 12.21 15.25 18.58 21.65 22.83 24.38 25.03 24.62 24.27 26.32 27.95 26.57 23.37 18.69 15.81 15.71 15.86 11.98 8.432 5.334 6.22 8.468 12.52 15.51 19.09 23.24 27.58 31.98 36.61 41.5 46.05 49.76 51.4 53.43
1.192 0.9965 0.9596 0.9205 0.8386 0.8843 0.9335 0.8742 0.9822 2.04 2.428 2.351 1.466 1.437 1.223 0.9974 0.9367 0.9995 1.173 1.064 1.05 1.006 1.049 1.223 1.448 1.3 1.232 1.286 0.9649 0.8435 0.8539 1.302 1.244 0.9691 1.038 0.7402 2.734 6.072 8.822 10.97 13.94 17.06 20.2 21.58 19.56 18.13 17.63 18.59 24.35 27.63 27.46 24.35 21.25 19.79 18.46 16.69 13.38 9.75 6.785 5.264 7.802 10.82 14.55 17.81 22.63 26.68 30.33 35.15 40.76 45.22 49.6 52.7 55.49
3.403 2.128 1.213 1.164 1.173 1.185 1.13 1.043 4.319 4.969 6.262 5.892 3.781 2.085 1.467 1.268 1.161 1.082 1.147 1.137 1.159 1.169 1.113 1.077 1.323 1.358 1.345 1.35 1.343 1.098 0.9239 1.101 1.038 0.8872 0.9655 0.909 1.044 3.694 6.563 8.89 11.28 14.55 17.43 19.14 15.58 12.49 11.93 15.81 21.84 27.46 27.9 26.42 24.46 22.94 21.29 19.32 16.09 12.29 7.632 5.483 6.804 8.925 12.24 16.33 20.06 23.77 26.92 32.17 37.75 42.34 47.3 51.25 52.14
8.379 5.957 2.751 1.287 1.48 0.7514 1.577 3.949 7.957 8.853 9.657 8.427 5.997 2.965 1.276 1.387 2.199 2.29 1.419 1.322 1.021 0.9475 1.063 1.072 0.9917 1.108 1.326 1.264 1.198 1.096 1.182 1.146 1.128 1.043 1.025 0.966 1.006 1.65 3.869 6.647 9.371 12.77 14.43 15.23 12.01 8.377 11.44 14.89 20.4 26.36 27.31 29.01 27.48 25.81 23.98 21.93 18.56 14.75 9.681 6.712 6.104 7.228 10.49 13.96 16.76 19.55 22.71 29.05 34.66 38.21 43.97 47.09 47.4
11.42 8.469 3.939 1.774 1.621 2.075 5.045 8.091 10.68 12.06 12.57 10.68 7.512 3.751 2.19 2.198 3.57 4.284 3.229 1.549 1.453 1.136 1.049 1.037 1.297 1.126 1.267 1.301 1.211 1.414 1.409 1.218 1.189 1.356 1.123 0.97 0.9927 1.035 0.9038 3.483 7.146 10.18 11.82 10.53 7.001 8.255 10.26 13.71 19.28 25.49 28.67 29.91 30.03 28.26 26.56 23.93 20.95 16.86 12.16 7.908 6.277 7.235 9.328 12.29 14.59 16.96 22.76 28.15 32.6 33.3 38.77 41.81 40.68
11.61 8.776 3.584 2.049 2.149 5.482 8.355 10.62 12.73 14.37 14.33 12.46 7.881 3.5 3.392 4.762 6.727 5.845 4.053 2.417 3.055 2.282 1.657 1.07 1.441 1.342 1.298 1.295 1.33 1.488 1.448 1.138 1.266 1.426 1.422 1.253 1.097 1.114 1.203 0.8872 3.257 6.278 8.377 6.062 6.453 9.773 13.19 16.56 20.26 25.73 28.92 30.49 31.72 30.11 28.17 25.49 22.15 18.56 14.56 9.397 6.996 6.978 8.462 10.48 12.86 15.95 20.7 26.18 26.89 27.21 32.83 35.79 36.06
11.11 7.194 2.578 2.977 6.009 9.777 11.43 13.56 15.61 16.56 15.02 12.29 7.273 4.73 5.952 7.567 8.254 6.891 4.744 4.586 5.85 5.752 4.334 1.093 1.061 1.104 1.284 1.268 1.057 1.264 1.374 1.103 1.296 1.369 1.378 1.432 1.345 1.304 1.191 1.056 1.273 2.489 3.139 2.746 5.365 8.116 12.37 16.71 20.62 24.7 27.94 30.97 32.09 31.58 29.26 26.25 22.58 18.84 15.39 10.38 8.342 6.42 6.865 8.641 11.25 14.12 17.42 22.63 21.71 22.27 28.64 29.57 29.97
10.5 7.473 6.732 4.788 8.186 11.68 14.19 16.43 18.35 19.33 16.32 11.92 5.799 6.319 8.213 10.07 10.18 8.115 5.666 7.417 8.326 8.412 5.47 2.176 1.033 1.158 1.103 0.9322 1.11 1.439 0.8475 1.415 1.346 1.239 1.279 1.335 1.419 1.4 1.327 1.233 1.137 1.451 0.9831 2.316 5.129 7.047 10.11 14.7 18.33 21.73 25.82 28.99 32.04 32.18 29.73 26.23 22.46 17.32 14.65 13.55 13.44 10.1 8.279 7.621 8.55 10.08 13.44 16.8 17.7 18.48 21.93 23.44 23.9
9.453 9.479 10.37 8.706 8.342 12.84 16.61 19.27 20.71 20.12 16.89 11.41 7.413 7.988 10.73 12.1 11.62 9.319 7.284 9.94 10.67 10.66 6.759 3.193 0.8243 1.338 1.156 1.743 2.328 2.21 1.218 0.85 0.886 1.814 2.048 1.491 1.371 1.329 1.278 1.188 1.243 1.368 2.959 5.088 7.627 9.172 8.605 11.41 14.6 18.18 22.61 27.48 31.03 32.64 30.17 26.68 22.4 17.66 17.17 17.59 16.65 13.28 10.07 8.266 7.896 8.044 9.163 11.01 12.83 15.27 17.9 18.36 17.48
11.96 13.6 13.66 11.53 9.709 14.92 19.39 22.01 22.5 21.13 17.38 11.74 8.265 11.01 13.74 14.17 13.73 11.18 9.953 12.52 13.06 11.92 8.867 3.981 1.349 1.151 2.292 4.052 5.58 5.736 5.81 5.775 5.606 5.784 5.678 4.906 3.455 2.304 1.905 1.206 1.226 1.453 3.574 7.349 9.814 12.35 13.93 13.96 14.19 17.62 21.43 26.87 32.27 32.74 30.99 26.82 21.56 21.01 21.38 21.49 19.01 16.23 13.29 12.78 11.36 9.557 8.607 9.121 9.886 11.56 13.75 13.53 13.42
15.84 17.87 16.85 13.9 12.96 18.3 22.84 24.61 24.69 22.37 17.79 11.8 8.847 14.17 16.37 17.03 16.23 13.66 12.36 15.06 15.14 14.17 10.49 5.076 0.9609 1.536 4.333 7.484 8.892 9.4 9.925 10.2 10.51 10.69 10.36 8.805 6.524 4.685 2.449 1.534 1.11 1.873 3.092 6.351 10.24 13.57 16.99 17.23 18.9 21.48 25.45 29.93 33.44 34 32.03 28.02 23.9 24.21 25.17 23.92 21.65 19.96 19.01 17.48 15.22 12.68 10.54 9.016 10.03 10.17 9.589 9.064 9.292
20.7 22.23 21.14 17.9 16.62 22.17 25.75 28.23 26.05 22.56 17.21 10.81 13.39 16.76 18.76 19.61 18.65 15.4 15.26 17.06 17.51 15.22 11.58 6.462 2.002 2.173 3.877 8.191 10.84 12.14 13.29 14.63 15 14.09 13.01 11.81 9.614 7.073 4.494 1.845 1.264 0.9115 1.046 3.809 7.686 12.84 17.19 19.08 20.96 24.45 26.42 29.82 33.42 34.69 33.12 30.26 27.27 27.35 28.17 26.67 24.68 22.77 22.17 20.01 18.1 16.38 13.54 11.69 12.03 13.11 12.82 12.11 11.17
25.98 25.29 25.03 22.5 21.43 25.66 28.1 29.55 27.24 23.22 17.02 14.12 15.91 20.03 21.91 21.73 20.32 17.3 18.48 19.39 19.2 16.02 11.7 6.736 3.426 2.269 3.84 8.29 12.08 14.93 16.29 17.82 18.58 18.09 15.87 13.45 10.28 7.291 4.198 3.29 2.552 1.24 1.244 0.7239 4.175 9.387 14.12 17.38 20.17 21.97 24.03 27.84 32.35 35.5 34.82 33.36 31.6 30.94 30.82 29.49 28.22 26.75 24.6 22.62 21.17 19.57 16.6 12.82 13.74 14.63 15.39 15.42 14.38
31.9 31.49 30.09 27.32 27.7 30.74 32.58 30.58 27.13 21.55 17.1 16.82 19.44 23.03 24.63 23.13 21.43 19.65 21.6 21.33 19.03 16.12 11.34 6.684 4.136 4.134 3.398 7.637 12.69 15.83 18.17 20.54 21.3 20.09 18.11 14.19 10.98 8.135 5.765 5.704 4.149 2.343 1.604 1.217 2.194 5.264 10.34 14.06 16.38 17.74 20.73 25.45 30.87 34.38 35.08 34.19 34.56 34.2 33.5 32.58 31.23 29.6 27.29 25.47 23.42 21.71 19.22 15.24 12.39 14.65 17.72 18.44 18.18
38.36 37.85 35.04 33.26 33.8 36.16 35.81 32.81 27.63 21.35 19.38 21.49 24.25 26.31 27.37 24.97 23 23.49 24.33 22.69 20.68 17.04 12.12 8.464 7.914 6.883 4.204 7.028 11.96 15.99 19.84 22.39 23.26 21.86 19.49 15.03 12.25 10.37 8.858 9.004 7.585 4.55 2.32 1.791 0.8516 2.881 5.671 9.315 11 14.69 18.27 24.3 29.74 33.78 33.83 33.81 33.52 36.05 36.89 36.03 34.33 32.59 30.65 29.02 25.97 23.07 20.84 17.49 14.3 15.16 19.15 20.5 20.7
43.62 43.74 41.49 41.08 41.2 40.41 37.98 35.41 28.94 25.1 24.17 25.76 28.33 30.12 29.74 27.42 26.5 27.9 26.94 25.29 22.68 18.72 14.43 11.07 10.73 7.769 5.741 6.807 11.22 15.81 20.46 23.96 25.64 24.19 21.44 18.86 16.24 13.93 12.9 11.4 9.629 6.824 4.183 2.464 1.554 1.052 1.64 4.405 7.701 12.71 18.15 24.13 29.38 31.87 29 29.32 32.25 35.02 36.9 38.5 37.81 35.84 33.2 30.67 27.97 24.61 21.61 17.56 14.66 16.34 19.97 21.74 22.81
46.36 45.31 46.2 46.57 46.36 45.07 41.65 37.06 32.61 29.35 29.31 31.76 33.71 33.87 33 31.97 30.62 32.19 30.98 27.86 24.05 21.06 17.69 14.49 13.27 8.929 6.374 7.022 10.95 16.12 21.41 26.14 27.79 26.85 24.29 21.35 19.23 17.69 16.35 13.44 11.34 8.588 8.156 5.752 3.666 2.065 1.672 1.982 7.011 12.46 18.16 23.61 28.27 29.37 26.32 25.5 28.96 33.6 35.78 38.58 40.58 39.09 36.15 32.26 29.08 25.4 21.47 17.64 15.02 17.4 19.85 22.18 24.57
41.43 42.64 44.58 48.24 49.93 48.98 46.51 43.1 38.74 35.98 35.15 37.76 39.08 38.23 36.95 35.14 34.98 34.47 33.34 29.58 25.42 22.43 19.79 16.61 12.44 8.183 6.732 8.057 11.61 17.45 22.74 27.34 29.49 29.59 27.85 24.32 22.41 21.82 19.69 16.41 14.06 11.97 10.37 8.661 6.417 4.196 2.263 2.237 4.98 11.18 17.37 22.85 27.13 26.3 22.75 21.54 27.17 31.28 34.22 37.71 40.01 39.74 36.9 33.15 29.63 25.87 21.83 17.77 16.57 17.59 19.64 22.59 25.23
32.91 34.21 38.38 45.84 49.65 50.14 49.95 47.55 44.8 42.62 42.05 44.4 43.96 42.91 41.62 40.09 39.76 37.53 34.03 29.69 26.08 22.35 19.22 14.89 10.85 8.54 7.96 8.993 12.97 18.93 23.56 28.29 31.17 31.95 30.48 27.69 25.03 23.74 21.84 19.08 16.98 14.78 12.68 10.86 8.72 5.608 2.904 2.076 4.493 8.824 15.1 21.09 24.35 24.11 19.71 20.19 25.23 29.29 32.23 35.64 38.9 39.66 36.99 33.36 29.63 25.98 21.73 17.93 17.16 20.47 20.85 23.29 26.43
24.42 28.52 34.76 42.37 44.35 49.97 51.45 51.93 50.79 48.89 49.02 50 48.9 47.36 45.66 44.27 42.46 38.73 34.54 29.81 25.08 21.01 17.52 12.55 10.98 11.37 10.72 10.93 13.7 20.06 23.64 28.91 31.83 33.96 33.29 31.39 28.78 26.31 23.59 21.38 19.18 16.8 14.37 11.92 8.662 4.506 2.632 2.756 1.939 6.04 12.29 17.93 20.89 20.04 16.81 18.85 23.65 26.69 29.12 32.93 36.21 37.66 36.03 32.79 29.43 25.82 21.78 17.91 19.08 22.66 24.26 24.71 27.25
17.87 24.62 31.55 35.99 37.5 43.61 49.7 53.67 54.54 55.7 55 54.87 52.85 51.3 49.27 47.04 42.47 37.27 33.01 28.46 23.37 19.19 15.19 11.95 12.71 15.93 13.94 11.3 14.14 20.14 23.72 28.1 31.63 35.06 35.43 34.17 32.12 30.08 25.64 23.38 20.8 18.24 15.96 13.09 8.941 4.476 3.413 3.925 2.738 3.882 8.422 14.31 17.57 17.14 14.09 17.1 21.48 23.01 26.19 30.59 34.11 35.62 35.09 32.08 28.91 24.98 20.47 19.72 21.72 23.99 26.8 27.88 28.91
