data/elevation/batemans_elevation.asc
ncols         155
nrows         142
xllcorner     239681
yllcorner     6036351
cellsize      100
NODATA_value  -9999
[rows 54 to 80 of 142, columns 0 to 60 of 155]
12.09477 11.75562 17.22047 12.25422 10.05594 13.90456 21.53581 24.94453 24.14414 10.99617 10.00656 10.0043 9.999078 9.995203 9.996922 10.00172 9.99661 9.998125 10.00375 10.00922 9.994406 9.993438 10.00344 10.00078 9.999812 9.995969 10.00058 10.00489 10.00875 9.999297 9.999063 9.997766 9.998906 9.997609 9.999953 9.993906 10.21359 12.90391 16.58438 17.93109 12.37102 9.238828 10.06305 2.287313 0.8177875 0.8564407 0.8312063 2.422117 2.534187 1.724125 -3.592281 -6.115125 -6.009172 -5.026828 -1.680727 -0.5210313 -0.9545761 -0.6663633 -0.7814672 -0.8422781 -0.62255
10.19866 14.17055 26.46 22.61547 9.866438 16.45188 34.10735 38.85719 16.62878 9.990657 9.998312 10.00875 9.99725 9.997406 9.999281 9.995766 9.999406 9.999109 9.999344 10.00875 9.998172 9.998422 10.62194 12.17562 10 9.998453 9.999234 10.00125 10.00056 9.995891 9.998547 9.999562 9.994532 9.997609 9.994875 10.0058 10.33827 14.13828 17.36563 14.41844 5.455859 1.242761 2.155245 1.601544 0.8510531 0.8526157 1.317702 3.506048 3.93364 2.138766 -0.3873281 -5.751859 -6.211219 -5.573359 -2.399399 -1.16857 -0.8750938 -1.105647 -1.028397 -0.9787094 -1.150805
10.11016 13.09477 25.80922 29.87469 15.64427 13.18258 25.80188 38.45063 19.96134 9.989203 9.994204 9.998719 9.999625 9.997609 9.998859 9.989157 9.999125 9.999359 9.998734 10.00086 10.00022 10.00614 13.16786 18.38156 11.81328 10.29828 9.997735 9.992672 10.00798 9.993781 9.997063 10.00744 9.994313 10.00269 10.00105 10.00503 10.52219 12.06278 12.2313 10.3565 2.670505 0.9978359 1.054297 1.03205 1.540087 1.660547 2.629406 4.549172 3.245281 2.864359 1.387063 -3.921335 -6.206047 -5.532594 -2.882281 -0.8558937 -0.9051062 -1.229086 -1.006219 -0.8571969 -0.7094719
12.16398 15.92203 27.25328 30.35359 22.7668 16.15539 26.54953 36.98297 29.35359 10.43359 9.998047 9.995812 9.999625 9.998593 10.00242 10.30555 10.16389 9.950859 9.994765 10.00752 10.00638 9.988937 12.16722 19.16687 18.71719 11.51734 10.01031 10.00047 10.00481 10.00094 10.00094 9.997812 9.992922 10.00352 10.00117 10.0152 11.73688 12.41969 6.268672 3.518266 7.473016 3.098625 1.124484 1.446469 2.543437 2.477094 2.723969 3.909578 3.091609 2.878656 2.397719 -1.129164 -5.192531 -6.049937 -4.321187 -3.061344 -1.817225 -1.02485 -0.7615688 -0.6826203 -0.7965937
15.37297 15.02047 26.57047 35.88406 28.37469 22.66516 29.555 32.09 32.08484 16.65469 10.00625 10.00027 10.00509 10.00187 10.02953 12.77672 16.66834 13.08375 9.971406 11.96509 10.12083 9.996125 15.68417 19.86844 19.10859 13.24937 12.91813 10.23 9.99114 10.00141 9.998281 9.997734 9.989094 9.99789 10.01508 9.982469 10.61594 11.03547 4.755157 1.010133 3.47561 3.400031 1.515266 1.359594 2.179531 2.835609 3.032875 8.92575 9.890906 2.734672 2.484594 1.850445 -0.9932344 -5.439547 -6.795563 -5.54986 -3.837772 -0.7419438 -0.7472562 -0.6871828 -0.9726484
14.17812 17.38844 24.52203 38.50359 34.13766 26.78047 17.70547 12.11202 12.08222 11.88234 10.28547 10.01 10.0098 10.00177 10.52622 19.92453 29.75562 16.28095 11.18166 18.13842 13.45726 10.97828 14.68883 19.58719 23.17687 22.98438 22.53672 12.28809 10.00711 10.00514 9.999046 10.00753 10.00492 11.25336 14.03539 11.20205 8.239016 3.441894 1.360792 0.9005172 1.391688 1.454766 1.481797 1.971531 1.499266 1.690688 2.418734 14.03586 13.32813 3.059891 2.646062 15.36734 13.31747 -0.1207032 -4.842344 -5.600234 -6.101656 -3.55945 -0.8537313 -0.4420688 -0.607614
20.51906 29.10016 28.49156 38.76797 38.43328 34.6575 18.02938 10.20592 9.98736 10.00402 10.003 9.988141 9.99814 10.00922 9.925157 19.9385 39.75828 29.84016 21.6925 30.95375 26.89906 16.39422 12.79109 27.86609 37.90047 39.02172 31.94516 13.47058 9.995344 9.998281 9.998594 10 10.32984 14.76344 19.91734 15.45344 7.577141 1.855237 0.8816359 1.224017 1.319911 1.077547 1.588648 1.387131 1.104125 1.344375 2.225 13.67758 7.013015 2.737375 2.762453 10.51103 17.73925 7.494438 0.3618594 -3.265894 -5.338984 -5.472578 -0.86125 -0.1925523 -0.1679806
25.49125 38.665 37.73297 39.04453 36.60906 31.13453 17.05719 10.13841 9.996968 10.00306 9.997046 9.987782 9.993298 9.999578 10.00825 15.47986 39.11078 47.87672 42.41813 45.24656 30.59453 20.19453 17.75234 32.36797 39.67734 34.03062 21.52328 10.89208 9.996953 10.00344 9.998125 9.998406 10.61537 17.76484 24.42578 19.53141 11.29878 3.947656 1.171055 1.089914 0.9545437 0.832814 0.8865797 0.8269485 1.022309 2.179328 4.304172 12.13525 8.335125 4.264766 2.467891 4.664531 10.8143 11.96498 2.816625 0.9909531 1.282016 -3.330641 -1.712594 -1.193063 -0.5745078
31.43734 44.92672 46.73687 41.63438 30.94109 17.48258 15.2607 17.18458 13.84033 10.69548 10.0258 9.998797 9.996265 9.998094 10.88567 19.5283 36.28656 52.30016 57.94313 48.54187 35.05859 37.31797 34.23516 37.30547 39.22422 28.14781 13.46625 9.97075 10.00391 9.991172 9.900312 9.983328 11.56459 22.67656 23.17734 13.99258 7.127219 2.074148 1.321648 1.551828 1.046536 0.9063141 0.8830875 0.8853859 1.094028 2.530188 8.432375 14.06822 14.2313 8.146328 2.630312 1.845078 12.00047 12.9135 3.573734 1.809406 2.376547 1.846078 -0.008492183 -2.553336 -0.6292266
32.19953 41.52734 48.66953 41.21859 21.52563 15.45305 24.11008 33.95063 29.54906 21.61156 11.43172 10.01309 10.04959 12.32658 16.6172 36.09766 49.73172 62.49172 70.69016 57.27219 56.13203 58.01156 54.11625 49.61953 33.14391 23.38031 13.61633 9.976735 10.08391 13.44355 18.47878 10.86947 14.18922 22.69766 14.93281 7.702343 2.582903 0.9377406 0.9290687 2.088106 7.583326 0.9207031 0.9358672 0.93135 1.063781 1.889453 9.732578 16.68031 18.16703 14.74847 5.040187 1.755719 11.28656 21.03216 10.84528 1.916687 2.040156 2.41325 1.202937 0.1449563 -8.68081
38.535 49.10016 49.57828 46.35359 35.4311 21.52828 32.77547 43.85223 42.8745 37.05133 24.06242 16.38594 16.31825 24.7979 18.73798 34.40549 54.78125 59.94094 83.09718 72.01141 58.92016 58.31375 58.55672 55.17015 33.19953 17.79703 16.23406 15.30819 13.12081 16.15156 19.94375 15.86703 15.37812 18.27312 12.795 9.809281 5.17675 2.001797 2.092734 7.902188 12.48498 2.013813 1.417172 1.278881 1.231609 1.54075 4.816688 8.34725 16.04984 17.66531 6.340781 6.592 16.42953 21.40906 9.012891 2.368797 2.469359 2.552063 1.936359 1.011745 -0.6942984
37.35672 47.73453 42.54313 29.5 24.56219 14.51028 9.180515 8.681172 10.78734 10.24398 15.45648 20.34141 10.39203 9.644953 9.535188 17.94102 33.89141 52.45172 78.74469 86.99718 66.91141 47.39812 39.49109 35.44547 21.26411 11.77172 10.03109 10.27806 9.720297 11.71305 17.685 19.99719 19.94687 19.92016 19.78656 20.41781 17.8143 8.626172 10.075 11.63453 7.226141 1.712953 2.843797 2.468419 1.763703 2.123891 2.446859 5.61125 13.60266 16.63422 8.128203 11.50442 22.91875 22.86672 14.59445 4.81375 3.200047 3.1245 2.281062 1.906328 0.3227328
41.22391 48.12672 39.14234 25.31328 16.55906 10.05091 9.957859 10.00125 10 11.27719 19.25844 25.55469 9.932187 9.996437 9.997219 10.54484 22.77812 45.40797 74.77906 89.58625 71.66687 53.53094 35.45984 21.26969 14.76098 13.85133 9.975938 10.05814 13.32561 13.54508 17.01312 21.36594 20.05 20.00531 19.985 24.02172 22.74203 16.52188 18.84375 11.5957 1.464359 0.9882656 1.019031 1.024044 1.427609 3.629359 6.611312 6.574766 11.49719 12.81242 7.907578 13.20356 22.15234 23.75109 20.65109 3.893984 2.039813 2.271297 2.325906 2.236016 2.051983
47.57609 41.17125 28.13766 20.60828 18.12859 15.47916 9.972906 10.00875 10.22762 14.22687 21.98781 24.38703 10.66566 9.997469 10.00809 12.31344 30.86078 53.85094 75.14 78.49453 63.19625 51.85891 31.97297 23.59016 28.37047 19.52655 10.18608 10.91644 19.02297 23.05859 30.82891 31.71906 24.70875 19.91656 20.02281 26.59813 33.06734 29.54875 28.68391 18.82755 9.571034 1.026808 0.9274328 6.588191 8.541297 8.615985 14.80919 13.57492 16.77938 13.13298 12.4397 16.52806 16.0575 14.51922 10.34672 2.761578 2.067781 2.222828 2.246656 2.181266 2.034078
38.47406 25.33781 18.59711 10.93498 9.980844 9.964375 10.00523 10.00805 12.72813 19.28547 23.63547 26.29109 9.714313 9.993953 10.012 11.16047 27.84703 45.755 68.21203 82.76797 56.01578 42.30312 39.01094 41.99172 45.72859 28.75547 12.54609 9.959797 13.28797 22.82344 38.50703 41.23312 33.26594 23.72609 20.10812 28.84109 39.89938 35.35765 23.55688 18.06303 8.341549 0.8860859 0.933625 1.964322 9.271734 13.75094 20.71266 24.23609 22.93281 16.44172 17.38156 22.08172 16.97234 9.338156 7.136359 2.520828 1.727406 2.047469 2.026062 2.086141 2.001797
32.83062 19.07578 12.14727 12.52852 11.73591 9.983375 9.996813 10.00609 10.38652 14.33109 19.33031 16.68328 9.879609 9.99836 10.00633 10.01016 14.49422 39.04078 63.98453 88.76875 79.35593 64.25234 59.61172 59.53766 56.50859 37.60891 16.84719 10.16813 11.03844 21.35469 39.20781 48.07344 41.7289 29.28062 22.46344 32.16344 39.54625 32.61687 19.40672 8.080625 1.693328 1.071687 1.947469 3.303922 9.083673 12.35492 20.91547 29.78656 26.42734 19.655 22.74406 19.77281 10.81055 7.231266 2.736109 2.46275 1.634844 2.029281 1.624828 1.677219 2.004484
33.60797 22.73047 18.59141 18.77906 17.09755 9.883923 9.995406 9.965077 13.25995 16.49203 19.74906 11.78172 9.997969 9.998281 10.00234 10.00469 13.095 34.73219 53.22672 83.32891 97.8325 87.35234 64.55937 51.96188 44.59766 33.49094 17.38156 10.25094 10.24891 15.67031 28.90469 38.96094 50.69687 42.47203 30.22515 35.99859 37.44625 26.35984 20.1575 12.14984 1.571828 1.239773 5.895047 12.6233 13.15922 12.86195 17.80531 30.15219 26.72891 23.0675 24.28938 13.61422 3.458125 4.390172 3.032516 2.361578 1.77125 1.908734 1.964828 1.709406 1.906438
32.73422 27.89969 21.20281 15.40203 18.82908 10.00683 9.999484 9.958938 17.32125 19.72859 19.98953 11.52297 9.998625 9.999844 9.994141 9.99825 13.71484 38.7475 56.75375 80.1039 100.2455 95.17609 73.31828 45.59203 32.89234 20.40031 12.97289 13.90686 15.416 14.97641 19.32375 30.56437 50.68813 54.2911 41.64656 41.70391 45.23687 28.585 12.03617 3.378 0.9334406 2.543977 10.47347 22.46484 27.955 20.69703 24.33766 33.70453 30.85281 27.04344 23.44813 8.194656 2.891688 2.732875 2.218422 3.291813 2.547547 2.182937 1.977469 1.770578 2.154016
13.8945 18.71125 15.06359 10.42688 11.29403 9.968359 9.997188 10.00863 12.73261 22.79984 28.85922 16.25328 10.00584 9.99989 9.99989 9.996765 20.94062 44.5714 71.34797 93.3975 86.52516 72.09563 63.18 50.08875 36.855 24.50453 16.61234 19.68734 20.11938 19.64406 23.38234 34.53781 45.67891 60.26031 48.02438 48.77813 59.46047 41.66469 22.69281 9.388765 2.191141 2.186859 4.896 22.61264 38.55828 36.92953 35.59984 41.65453 32.83125 27.11859 13.31242 3.27861 3.095016 2.921844 3.164813 3.797016 4.2815 2.349313 1.932594 1.898547 8.719172
9.924984 11.09108 12.01295 10.21031 9.999532 9.996328 9.996406 9.997141 11.04672 24.66047 36.43391 22.66547 10.04406 9.999828 10.00124 9.980031 15.73078 37.84797 64.2175 95.36109 86.88266 61.85641 47.21969 40.36172 30.94688 21.55437 21.71219 25.91219 22.50547 20.20781 29.41797 43.36344 50.88125 71.28922 65.91813 61.46531 56.98578 42.67422 23.72266 9.075672 10.84023 11.06281 5.566172 11.09442 25.11078 41.00281 53.70985 44.13828 28.50438 18.08453 7.513828 2.957187 2.972359 3.026609 3.211609 3.572203 3.789516 3.803359 3.139297 2.556719 16.29984
9.593578 9.99225 9.989515 10.00953 10.02664 9.870234 10.00156 10.03136 16.67195 22.24172 26.14406 15.36938 9.999531 9.99639 9.995844 9.995812 12.48953 31.35578 49.84641 79.64703 97.97485 84.21031 66.35875 52.54453 39.61094 25.695 27.80203 36.89109 28.20625 20.14922 26.11328 40.8025 54.88438 74.28219 82.31734 67.44422 42.45375 25.41406 16.73594 13.25614 22.59469 20.37266 9.42211 18.17223 26.63891 36.56688 53.47313 40.94453 19.33641 8.333516 2.750703 2.797969 2.990172 2.91325 3.066219 3.28775 5.512562 5.543594 6.381485 5.889922 19.57016
16.80759 10.9247 9.512047 14.21758 18.8717 14.8508 10.00861 10.01623 17.82906 18.95172 13.43398 10.30302 9.999454 9.996469 9.994437 9.871187 14.88816 28.85406 40.42672 57.28031 90.23656 99.20047 85.39265 61.40656 40.71735 35.83703 36.83859 44.68562 35.19609 21.17453 20.36437 27.45984 41.18468 56.55281 78.08797 73.49828 40.74391 35.22781 27.48719 26.33219 32.22375 23.62969 12.105 28.76162 47.32187 51.09563 50.58391 35.99438 25.01703 10.11588 2.547984 2.67375 3.191766 2.856078 2.986 5.376156 7.479047 8.753563 16.16989 15.08316 22.39641
20.91203 14.17328 16.91781 19.93844 19.19272 13.62706 10.00191 10.04537 20.12719 24.00141 13.2293 10.00589 10.00858 10.00466 10.18044 16.53656 32.7439 39.18031 42.59125 45.59406 72.5014 98.74484 85.76125 56.94266 44.04969 45.62265 51.02344 48.14312 34.34266 28.59594 32.34672 39.05875 41.24297 48.05172 72.70563 79.96953 68.57687 56.49125 45.92015 41.40594 31.20422 18.52188 15.44766 28.42047 55.09797 50.05828 31.77 17.21272 12.78509 5.754609 2.352969 3.022484 9.999219 2.241203 3.553547 9.037125 12.45563 12.43812 19.18344 22.3425 28.4975
24.89453 18.21484 25.33672 26.90844 16.95844 11.36484 9.993828 9.755328 21.60266 22.26188 13.30172 10.00034 9.994781 9.993594 11.87078 27.70047 45.54203 57.44969 63.49812 72.44609 80.80734 96.76266 93.03297 79.31219 67.08656 59.95406 57.71265 45.26094 40.02328 40.07438 42.32281 55.28234 53.27562 51.24984 70.72953 76.00594 72.33765 56.10484 42.81734 28.18547 18.36141 14.71875 21.33438 42.12391 61.76828 47.83984 26.70547 14.68062 8.134844 3.787609 2.295578 10.94269 14.94727 2.269109 2.813719 6.873844 13.47219 21.26797 23.33984 25.53391 31.79922
30.74609 25.97422 29.48281 28.55922 18.93937 12.85844 10.00773 11.1472 19.40891 14.03492 10.43062 9.985734 9.994157 9.995703 11.51156 27.26062 43.6725 49.39656 60.5075 77.80156 80.56906 76.00719 73.1486 87.10672 74.41937 54.87437 45.80484 40.43281 40.07719 40.00797 41.15875 61.54797 74.2264 77.26078 81.32641 70.45672 52.58609 36.80484 26.66187 24.80734 29.21531 25.40078 21.00859 40.90516 63.97062 64.29375 47.16719 32.11547 19.8757 7.390891 3.943 15.58222 19.31726 4.302391 2.409891 6.563531 16.19484 27.17188 40.86485 38.51594 36.20547
46.275 36.6814 30.11188 22.89031 11.65167 10.38148 10.17313 11.17578 19.53203 15.17773 16.77469 11.03427 9.998719 9.992063 10.06222 11.22287 18.63578 22.84344 41.62781 50.72515 49.81641 44.66078 48.8975 72.07281 86.53844 66.8689 53.10328 47.83594 46.70515 40.0375 40.35313 59.36281 84.84422 98.37437 92.1861 70.48703 48.21594 32.87594 32.00094 39.14109 48.79906 33.5875 23.8875 36.46078 55.46625 62.05203 47.62781 33.68906 13.72091 3.866453 7.576219 22.49317 18.67822 3.951609 6.440672 12.70059 23.93219 37.49875 53.71594 51.84734 47.12266
57.54781 42.13609 25.8025 13.83094 12.34031 18.72797 15.41781 10.28845 17.16234 19.97125 17.44703 10.73637 9.994359 10.03356 10.46544 10.55641 9.987532 11.3955 21.23902 26.38465 22.94655 32.82703 48.10984 59.28735 79.50125 86.18094 76.66531 70.46687 64.48828 46.29156 40.09703 44.9236 66.81078 85.15015 96.4275 75.87922 52.69828 42.46297 51.57625 57.8875 58.7911 31.71766 27.77234 51.26781 67.47391 50.03062 26.63063 14.05312 6.369328 10.79953 19.15641 31.36656 17.63194 4.061781 11.03334 23.72828 28.55922 49.32453 69.16047 60.29234 44.75391
