data/elevation/batemans_20m.asc
ncols         411
nrows         551
xllcorner     242781
yllcorner     6038991
cellsize      20
NODATA_value  -9999
[rows 480 to 511 of 551, columns 73 to 145 of 411]
93.87 98.46 102.4 106.5 110.8 116.4 118.7 119.1 116.6 112.7 107.6 101.2 95.45 88.51 84.3 81.01 76.29 73.24 70.96 72.13 69.55 64.24 58.92 56.61 56.1 56.33 59.72 64.98 70 73.79 76.7 75.43 72.14 68.92 66.23 62.89 57.79 57.62 58.75 59.5 59.62 59.77 59.3 58.61 57.89 56.68 55.82 54.73 50.3 47.31 43.59 39.13 34.09 30.26 26.66 26.38 25.56 24.67 23.45 26.67 31.35 35.67 39.08 41.57 42.54 42.6 41.39 39.57 36.53 31.89 27.89 24.21 21.08
101.2 104.4 107 111 116 119.5 120.2 120.4 119.4 116.4 111.2 106 100.5 95.85 93.47 90.74 88.71 86.76 83.12 77.45 73.16 67.31 61.44 60.26 59.12 60.7 64.35 68.61 73.3 76.75 75.91 73.68 68.34 63.82 60.51 56.99 54.55 53.32 53.09 53.61 53.7 54.29 54.12 53.86 53.38 52.99 51.37 50 47.8 45.22 41.64 36.35 32.06 28.53 26.49 25.49 24.55 24.61 25.54 29.99 34.5 38.77 41.95 44.72 46 45.96 44.37 42.11 39.23 34.42 30.33 26.74 23.36
107.2 110.5 113.6 117.5 120.4 120.6 119.9 119.8 120.2 118.7 115.4 110.8 105.8 100.9 97 95.85 94.73 92.75 90.92 85.3 79.34 72.8 66.48 65.43 64.47 66.71 69.8 73.09 76.68 78.21 75.09 71.31 65.48 60.58 56.62 53.92 50.3 49.53 48.79 48.53 48.46 48.35 48.12 47.79 47.91 47.36 46.19 45.58 44.01 41.81 37.58 33.41 29.87 27.3 25.71 25.44 24.4 25.8 28.6 33.63 37.51 41.38 44.84 47.68 49.53 48.83 46.94 43.85 40.43 35.66 31.44 27.37 24.48
111.8 114.2 116.4 119.2 119.9 119.8 120.1 120 119.9 120.3 118.9 115.7 111.4 106.6 102.3 99.62 97.32 95.9 93.93 88.2 84.13 80.47 76.41 73.77 72.04 73.29 75.94 78.33 80.91 78.91 74.67 69 63.09 58.08 54.04 52.15 48.55 46.49 45.13 44.32 43.28 42.85 42.53 42.17 41.01 40.69 40.54 40.07 39.34 37.61 34.41 30.93 27.91 25.86 25.88 26.07 27.13 28.46 31.27 35.47 39.7 44.01 47.52 50.56 51.77 51.28 48.99 45.37 40.38 35.4 31.09 28.17 26.74
111 113.6 116.7 119.2 120.2 120 119.9 119.9 120.1 120.2 119.8 119.4 115.7 112.5 108.2 104.5 100.6 98.09 94.97 90.9 89.96 87.64 84.96 82.33 81.68 81.56 82.41 84.01 83.88 80.23 73.84 66.5 60.31 56.93 52.55 51.2 49.26 47.9 45.25 42.6 40.57 38.3 38.52 36.95 35.62 34.38 34.99 35.29 34.23 31.97 30.77 28.79 26.88 26.71 27.22 28.19 29.32 30.14 32.46 36.32 40.56 45.73 50.01 52.9 54.53 53.21 50.34 46.07 40.04 35.14 30.63 29.05 27.64
110.2 112.7 116.2 119.2 119.9 120.1 119.9 120 120.1 120.1 120.2 120.1 119.5 117.2 114.1 110 105.9 101.7 98.83 96.31 94.65 94.34 92.33 89.86 88.53 88.82 89.5 90.4 85.7 79.79 72.24 65.26 60.33 57.03 56.52 55.11 52.64 49.93 47.06 43.04 42.06 39.64 37.71 36.19 34.87 33.96 33.21 31.34 30.83 29.69 27.65 27.21 26.96 28.09 29.25 30.18 30.86 31.7 32.75 35.86 39.73 46.05 50.86 55.02 56.94 55.11 51.35 46.27 40.38 36.39 33.14 31.11 28.29
110 111.3 114.6 117.9 119.8 121.1 120.4 119.9 119.9 119.8 120.1 119.9 120.1 120 118.5 115.4 111.3 108.1 104.6 101.6 98.76 99.85 99.01 98.64 95.73 96.1 96.28 92.76 87.81 79.65 71.53 66.21 63.83 63.79 63.2 60.97 58.22 54.64 50.65 46.85 43.48 41.76 39.85 37.97 36.4 34.83 33.15 30.97 31.34 30.36 28.54 27.51 27.87 30.04 31.06 31.81 32.83 34.11 35.79 36.8 40.37 45.56 51.66 56.93 59.07 56.85 53.56 49.36 44.29 39.41 36.65 34.78 31.62
109.3 110.4 111.9 113.8 116.3 118.4 120.3 120.6 120.1 120 119.8 120 119.9 120.1 120.1 119.1 120.2 115.5 113.5 110.6 107.7 106 103.6 102.7 102.3 103.3 101.2 97.15 90.01 81.28 74.27 71.78 72.31 69.88 68.19 65.77 62.3 58.28 53.71 49.2 44.82 42.41 40.6 39.29 37.89 36.47 35.32 34.01 32.71 31.14 29.28 29.83 31.01 31.5 32.34 33.14 34.07 35.86 38.57 41.52 43.66 46.53 52.95 58.8 60.6 59.29 56.47 52.66 47.63 43.28 41.14 38.81 35.17
105.5 106.3 107.2 108.1 110.6 113 115.8 118.7 119.7 120.1 119.8 120.1 120 119.9 119.9 120.2 120.3 120.8 119.2 115.4 111.6 109 109 108.9 108.6 108 106.5 100.9 93.71 87.27 80.24 80.13 79.42 76.71 72.92 69.99 65.3 60.68 55.49 50.67 46.05 43.17 41.41 40.3 39.62 37.93 36.45 34.77 33.38 31.8 30.57 30.73 33.29 34.12 35.38 35.35 35.49 37.02 40.83 44.15 48.54 52.47 56.47 60.21 62.62 61.71 59.13 55.65 51.41 48.04 45.17 42.44 38.31
97.59 100.1 101.4 103.7 104.1 106.1 109 111.8 117.1 120.4 120.4 119.6 120 120 120 120 119.6 119.8 120.5 115.8 112.6 110 109.9 110 110.4 111.1 110.7 105.6 99.72 94.54 89.24 88 85.89 82.84 78.4 73.14 67.88 62.2 56.22 51.07 47.82 44.1 42.64 41.52 40.74 39.67 37.57 35.08 33.78 32.68 31.04 33.04 35.47 37.24 38.88 39.28 38.89 37.33 42.59 47.17 52.41 56.7 60.26 62.9 64.56 63.37 61.49 58.61 55.25 51.71 48.43 44.93 40.56
89.21 91.82 93.59 96.48 98.35 102 102.2 104.9 109 114 120.5 120.2 120 120 119.7 120 120.6 121 117.9 113.3 109.7 107.7 107.4 108.6 110.5 111.6 111.9 109.5 104.7 100.8 97.6 95.09 91.82 88.28 81.98 75.52 69.35 62.69 56.85 51.36 47.31 44.88 44.07 44.21 43.5 41.29 38.16 35.62 33.83 33.12 31.46 35.37 38.39 40.58 42.38 43.34 42.81 41.37 44.2 50.5 56.18 60.18 63.34 64.86 65.39 64.71 62.49 60.86 57.07 53.71 50.45 46.69 42.36
78.9 82.18 84.66 90.17 94.41 100.3 100.2 100.6 103 107.7 115 120.2 119.9 119.9 120.1 119.9 118.9 116.4 112.4 108.1 103.8 100.8 102 105.2 108.8 111.2 111.7 109.5 108.5 106.1 104.1 100.9 96.5 91.39 84.82 77.77 70.73 63.55 56.33 50.16 47.68 47.94 48.54 48.49 46.09 43 38.94 36.01 35.45 33.36 34.66 37.95 41.23 44.23 46.71 48.14 47.4 46.27 48.23 55.29 59.98 63.61 66.33 66.51 65.14 64.09 62.51 60.86 57.89 54.34 50.9 47.21 43.06
71.72 73.54 78.07 84.21 91.68 98.13 100.4 100.1 99.47 103.7 112.6 119.9 120 119.8 119.8 117.8 115.2 112 107.5 102.6 99.41 99.95 99.59 100.9 104 105.1 106 107.2 108 108.5 107.4 105.2 100.3 94.37 87.26 79.19 71.29 63.93 56.49 51.64 51.35 52.65 52.47 51.18 48.19 43.41 39.35 36.74 35.03 34.07 36.35 40.14 44.03 47.98 51.13 53.51 53.31 50.84 53.8 59.6 63.9 66.92 68.01 66.43 63.57 60.55 59.18 58.2 56.54 53.54 50.01 46.47 42.32
68.98 69.89 74.68 81.74 88.25 95.7 100.1 99.91 99.41 102.2 108 116.6 120.2 119.5 116.3 113.4 109.9 106.9 102.5 99.29 98.4 99.21 97.67 96.37 98.08 98.63 98.63 100 103 106.9 108.1 106.9 102.5 96.97 89.34 81.17 72.98 65 58.53 57.47 57.22 56.87 55.8 53.25 49.22 44.34 40.39 37.59 35.03 36.04 39 41.14 45.94 50.86 54.57 58.07 59.34 57.34 60.32 64.55 67.66 70.14 68.43 65.86 61.3 56.65 52.88 54.11 53.63 50.95 47.54 43.88 40.01
70.16 71.52 74.55 79.39 84.92 91.48 99.44 99.75 100 101.9 108.2 113 114.2 115.1 112.2 107.4 104.3 101.9 98.92 95.83 93.64 92.63 91.39 90.4 89.34 89.27 90 93.67 96.43 101.4 105.7 107.3 104.5 99.26 92.18 84.43 76.18 68.51 63.1 62.93 62.31 61.15 58.2 54.64 49.62 44.87 40.53 36.38 36.92 37.65 41.2 43.3 47.63 53.24 58.12 62.9 64.91 64.14 65.96 69.14 71.05 71.3 68.86 64.14 58.62 53.23 47.74 48.68 48.65 47.44 44.36 40.68 36.65
72.34 74.47 77.71 80.88 85.04 89.78 96.26 99.06 101.9 105 110.6 110.3 110.1 111.9 106.1 101.3 98.99 95.9 93.99 89.67 87.56 86.04 85.67 85.07 83.46 81.21 78.93 82.26 88.84 96.35 102.2 105.6 105.2 101.6 95.37 88.51 80.26 73.8 70.33 68.39 66.78 64.58 59.87 54.56 49.46 43.91 39.38 38.52 39.55 39.2 43.65 47.49 51.5 56.32 61.21 66.01 69.84 70.73 71.61 73.16 73.16 71.29 66.91 62.51 56.78 51.32 46.18 44.37 44.38 43.13 39.97 36.84 34.22
78.02 79.92 82.01 85 87.92 91.6 96.56 99.66 103.2 108.1 110.6 110.3 109.5 107.4 102.3 98.81 96.18 91.65 88.65 85.1 82.59 80.68 79.64 79.2 77.33 74.81 72.02 75.89 84.17 92.91 98.96 103.7 106.4 103.8 98.98 93.17 85.56 80.47 76.73 74.11 70.93 65.59 60.23 54.07 48.69 43.78 40.3 39.85 40.75 43.37 46.72 51.07 55.87 60.72 65.62 70.26 73.4 75.49 75.6 75.15 74.2 71.11 66.56 61.24 55.44 50.2 45.35 41.5 40.35 39.94 37.3 34.72 33.43
82.7 84.89 87.21 89.39 91.73 94.91 98.32 100.2 101.4 106.2 108.3 109 108.3 105.3 100.5 96.05 91.64 87.22 83.73 80.06 76.7 74.8 73.35 73.43 72.54 70.99 67.71 71.82 80.13 89.37 96.6 102.1 105.1 104.9 101.4 96.08 91.59 87.14 82.63 78.36 72.42 66.89 60.08 53.86 48.65 44.76 40.41 41.93 42.44 46 50.14 54.86 59.79 64.86 69.65 73.94 76.47 78.02 77.18 76.02 73.35 69.68 65.03 60.06 54.32 49.15 44.61 40.6 38.96 37.82 36.19 34.88 34.1
87.77 89.71 92.49 95.06 96.92 98.27 100.2 100.4 100.2 102.6 104.2 105.3 104 101.1 100.3 94.79 89.78 84.53 79.74 75.62 71.8 69.92 70.66 70.32 70.27 70.61 69.69 74.15 80.79 88.5 95.38 101.4 103.5 104.8 101.5 99.3 96.75 92.83 88.09 81.4 73.64 66.12 59.32 53.03 47.98 44.4 41.11 43.74 46.15 49.35 54.2 59.08 64.2 69.08 73.23 76.88 78.54 78.41 76.68 74.85 71.33 67.44 62.56 57.61 52.32 47.42 42.98 39.13 37.81 36.76 35.53 35.06 34.74
92.87 94.91 97.38 97.72 100.3 100.7 99.55 97.87 97.27 97.86 99.06 100.5 100.7 100.4 98.38 94.73 88.77 83.82 77.93 72.88 70.47 69.64 69.76 69.88 70.05 70.44 73.12 77.02 82.78 89.31 94.94 97.92 99.53 100.2 99.72 101.7 99.7 96.52 90.42 82.74 74.54 66.17 58.68 51.57 48.66 46 44.1 45.4 48.1 52.58 57.98 63.43 68.35 72.83 76.83 79.2 79.13 76.99 74.14 71.37 68.03 63.68 58.9 53.99 48.8 43.48 40.19 37.78 37 36.24 37.28 37.6 38.45
98.35 100.2 99.7 99.17 99.55 96.52 94.58 92.65 91.45 92.44 94.71 97.16 99.73 100.4 97.83 93.98 88.61 83.76 78.17 72.31 70.35 69.89 70.08 69.95 69.63 71.11 75.16 79.11 83.88 88.64 92.39 93.49 94.33 92.32 95.54 99.14 102.4 98.64 92.98 84.74 76.67 68.53 61.56 56.18 51.95 48.65 46.5 47.79 51.5 55.63 61.23 67.34 72.08 76.45 80.18 79.64 78.77 74.33 70.18 66.59 63.3 59.43 55.19 50.37 45 39.94 38.23 38.37 38.17 39.41 40.41 41.35 42.49
103.6 102.4 99.12 95.51 93.04 90.44 87.3 85.63 85.66 88.15 90.64 93.96 98.23 99.99 97 92.1 87.83 83.03 78.51 73.25 70.4 70.13 70.24 70.03 69.87 71.8 75.64 80.31 83.96 87.56 88.42 86.3 82 83.72 91.26 96.91 100.9 99.86 94.98 87.03 79.13 72.07 65.48 58.42 53.46 50.31 49.22 50.87 55.19 60.12 64.83 69.82 75.31 79.24 81.37 79.72 76.33 71.34 66.31 60.82 58.12 54.75 51.43 46.63 42.02 39.39 38.95 40.77 41.62 43.16 44 45.04 46.26
98.99 98.16 95.05 91.14 86.74 83.8 80.6 79.15 81.27 83.7 86.13 91.98 95.8 98.4 95.27 90.13 85.8 81.14 76.19 71.69 69.15 69.08 69.6 69.95 70.47 72.17 76.09 79.31 82.37 83.4 82.71 76.79 73.31 77.72 86.4 95.01 100.4 100.8 97.08 89.76 82.05 74.27 66.64 61.31 56.71 55.12 54.54 55.49 58.79 64.11 69.11 73.32 78.41 81.4 81.99 79.13 74.26 68.58 62.54 56.09 52.8 50 47.97 44.33 40.55 40.86 41.85 44.03 45.32 47.26 48.56 49.08 50.37
93.77 92.8 90.98 86.78 80.92 77.47 74.23 75.29 76.86 79.19 83.03 88.92 94.65 96.94 94.67 89.76 84.7 79.67 74.88 70.04 67.94 67.18 67.08 68.02 68.89 70.86 74.53 76.48 78.22 78.22 73.64 70 69.13 77.48 86.2 93.42 99.87 101 99.55 92.8 85.28 77.69 71.27 66.07 63.22 61.41 60.21 61.26 61.45 66.79 73.67 78.5 82.36 84.05 82.41 77.66 71.75 65.19 57.77 52.49 49.07 46.19 43.95 42.45 42.04 42.7 45.42 47.52 48.85 51.21 53.68 53 54.45
88.41 87.43 85.39 80.05 74.76 71.37 69.08 70.48 72.82 74.68 79.97 86.62 93.01 95.82 94.1 89.35 84.4 79.32 74.07 70.25 66.93 65.13 64.15 65.04 65.94 68.19 71.16 73.1 74.2 72.31 65.11 64.97 69.08 78 85.88 92.88 98.72 102 101.1 95.31 89.51 82.61 76.33 72.78 69.79 67.85 66.58 68.21 66.94 70.15 77.34 82.83 85.63 87.37 83.5 77.87 71.37 64.13 58.45 54.4 51.19 48.79 45.78 43.41 42.98 45.56 49.06 51.09 53.48 55.8 58.26 58.26 58.49
82.2 79.14 76.8 73.22 68.66 66.38 64.4 64.21 66.59 73.28 79.8 86.45 91.14 94.47 93.46 88.69 83.95 78.86 73.55 69.44 66.8 64.72 62.45 61.37 62.13 64.77 67.54 69.74 70.13 66.51 62.61 64.89 71.47 79.51 86.2 92.68 98.65 102.3 101.3 97.75 92.72 87.28 82.77 79.18 76.65 74.63 73.79 73.76 74.09 74.98 81.32 86.9 89.85 89.8 85.36 79.91 73.4 67.51 62.39 58.66 54.87 50.9 47.68 45 43.67 48.13 52.07 55.12 58.2 60.41 62.46 62.46 61.71
78.35 74.23 70.11 65.99 63.78 62.06 60.33 59.95 66.68 73.37 79.91 86.06 90.02 93.46 92.93 88.22 83.5 78.3 73.04 68.62 66.71 64.89 62.72 60.03 58.88 59.53 62.08 64.29 65.51 61.95 64.56 65.95 72.9 80.06 86.84 93.35 98.55 101.7 100.1 97.63 93.82 90.03 86.78 84.64 82.78 80.92 80.82 80.8 81.19 82.61 87.11 91.85 93.46 92.51 88.63 83.41 77.41 72.13 66.28 61.39 55.49 51.1 47.92 46 46.11 49.84 55.02 59.15 62.43 64.97 66.28 66.29 64.47
74.54 70.38 66.36 62.77 61.64 60.95 59.22 59.81 66.65 73.46 79.77 84.94 89.81 93.24 92.16 87.78 82.92 77.7 72.47 68.42 66.61 64.8 62.69 58.36 55.12 53.42 57.51 60.07 60.76 63.08 68.34 69.81 74.81 81.76 87.96 93.97 98.54 100 97.4 94.58 88.73 87.15 86.96 87.25 87.08 86.38 86.61 87.55 88.75 89.71 93.46 97 98.44 96.21 91.81 86.7 80.48 74.03 68.29 62.5 55.65 52.11 51.13 48.52 47.88 51.16 57.4 62.48 66.24 69.49 70.01 68.49 65.83
71.32 66.83 63.24 59.66 57.83 57.98 58.12 59.67 66.48 73.21 79.01 83.83 89 93.03 91.39 87.04 81.51 75.92 70.33 65.5 63.65 61.8 59.51 56 52.67 52.64 54.37 57.5 59.9 64.84 69.76 74.48 78.39 83.73 89.42 93.7 96.76 97.18 94.09 88.58 82.9 82.18 84.12 86.56 87.36 88.05 89.91 92.37 94.18 95.36 98.31 100.4 101.4 98.95 94.99 89.41 83.35 77.09 70.9 62.96 58.57 56.64 55.01 51.5 50.19 53.14 59.52 65.03 69.55 72.51 72.61 70.54 66.53
72.34 65.72 61.49 57.25 54.43 55.05 55.67 59.64 66.03 72.76 79.22 83.59 87.95 92.82 90.62 84.75 78.92 73.33 68.24 63.33 60.4 58.29 55.89 53.49 51.52 52.94 54.13 56.43 61.83 66.76 71.7 76.35 80.79 85.3 89.99 92.79 94.57 93.22 88.92 82.61 76.42 76.33 80.18 82.3 84.75 87.25 89.57 91.93 94.46 98.15 100.9 103.4 103.9 101.7 97.85 93.02 86.66 79.87 72.5 65.41 61.57 61.01 59.12 54.95 52.04 55.63 62.06 67.55 72.39 75.21 75.32 72.36 67.61
72.65 65.11 60.88 56.28 53.51 53.96 54.58 60.09 66.35 72.62 79.05 83.8 88.1 92.19 88.35 82.23 76.34 71.05 66.14 61.23 57.08 55.46 54.4 53.35 50.17 50.6 51.36 55.55 61.49 67.37 73.26 78.32 81.51 85.98 89.69 90.81 91.29 88.59 85.03 79.06 71.91 69.16 74.33 77.14 78.75 82.1 85.41 87.53 91.38 96.81 100.9 104.3 105.7 104.9 101.1 96.31 90.08 82.66 75.5 70.36 70.1 66.77 63.3 59.3 57.58 58.68 65.29 70.64 75.16 78.47 78.25 73.61 68.03
70.64 64.71 60.03 54.57 52.62 52.98 54.2 60.08 66.19 72.29 78.33 82.97 86.99 91.07 89.61 82.54 76.05 72.22 68.17 64.12 60.78 59.6 58.55 55.4 49.83 49.07 48.61 54.65 60.65 66.54 71.65 75.85 79.29 83.68 84.47 87.29 85.74 82.83 80.21 76.99 72.03 67.91 68.92 71.3 72.73 74.16 76.31 80.2 87.27 93.76 99.89 104.1 106.4 106.9 104 99.39 92.98 85.53 79.28 77.9 75.45 71.98 67.37 63.89 62.95 62.48 68.55 74.05 78.18 81.63 78.84 74.79 68.02
