data/elevation/batemans_elevation.asc
ncols         155
nrows         142
xllcorner     239681
yllcorner     6036351
cellsize      100
NODATA_value  -9999
[rows 27 to 53 of 142, columns 61 to 121 of 155]
21.3861 34.08063 46.25313 38.79344 45.46406 61.90859 47.94156 25.98641 17.86547 11.12352 6.412094 2.143875 2.128641 12.25028 11.77141 0.9240703 0.981475 0.9535844 1.244933 1.661937 4.49625 8.53336 12.13603 12.8457 17.64125 25.29641 29.2875 22.93984 22.31125 34.32453 30.23703 39.40688 48.08359 48.55391 50.29953 48.68297 47.41859 41.13344 41.39172 41.87828 45.36844 52.2325 54.8186 61.33281 63.41328 72.64687 87.37984 71.54515 48.79531 43.24531 37.75391 28.995 29.06641 53.77734 57.23516 31.50797 34.40469 42.48047 45.56891 57.28484 79.70484
21.46844 38.06375 47.64531 29.79141 32.9439 45.43766 48.96109 34.07656 22.70859 14.74375 9.085875 4.84 1.451852 2.447789 2.503219 0.8618953 0.983236 0.8759469 1.094734 3.0715 9.410391 13.45867 18.05703 19.25391 23.01094 35.16875 39.15812 27.42328 25.68984 41.08437 43.95859 40.36109 48.56297 47.33172 37.78625 36.26703 28.50703 27.81328 28.45016 30.9775 33.64891 36.11609 39.00359 42.7625 47.40594 52.92313 73.00344 84.87172 68.55609 60.42953 43.20531 27.86765 25.19094 44.71906 50.91281 27.55172 40.02453 61.29797 62.3975 69.4975 75.85593
30.38078 42.41984 51.08813 34.93875 24.16094 23.70625 36.05531 35.4425 26.58359 20.50937 14.4275 7.983219 2.344859 0.8927734 0.8075031 1.018375 0.9472312 0.71695 0.9488031 9.63561 14.35563 16.74469 19.555 26.95766 32.14031 39.92703 43.33531 31.05344 36.04297 48.69922 48.86656 44.68406 36.99672 30.40141 23.52219 22.74875 26.41234 30.76391 34.16063 38.94188 49.26578 51.73063 56.93922 58.35188 70.4075 79.82468 83.7225 95.36781 71.45531 55.14359 46.37797 33.42281 20.29625 23.86813 24.22234 25.69234 33.77485 48.64906 45.20031 52.87906 63.6575
29.62062 44.07375 51.98344 44.84188 30.89141 17.33906 14.52023 15.05992 10.89961 10.29688 12.04203 11.78525 7.709938 2.345469 0.8375109 0.758211 0.7418016 0.7110516 0.7546312 5.022883 13.07672 13.03766 15.98281 28.10453 41.57547 44.11609 35.48687 34.92453 38.59141 42.19687 34.45016 37.70516 24.71 19.80219 21.51828 25.08469 35.42641 37.82875 40.17547 51.13797 62.23219 60.90797 65.1236 65.41047 72.10594 77.08953 85.62875 97.28188 68.74125 45.53109 34.55844 26.24703 17.56031 19.22594 22.96531 39.08141 43.26937 38.44828 49.02844 63.37984 67.91922
13.04492 28.36375 42.3075 28.23266 19.53312 11.50922 8.977265 7.491984 3.908313 2.718703 2.730859 5.039094 7.277484 6.466102 1.481095 1.116528 0.8961469 0.9781703 0.888589 0.9586922 4.314273 6.999906 12.47519 27.83406 38.95266 34.30031 22.28359 32.82406 37.46188 27.51422 22.90375 25.33609 16.48797 18.58016 22.30922 32.41828 39.26875 39.62891 38.20515 49.51672 58.77672 49.62516 49.89797 45.94062 48.75406 56.95563 79.4025 78.98516 59.73031 56.86312 45.30172 24.64313 16.18141 27.65563 36.21297 40.49875 61.68203 56.88984 71.22735 81.62516 58.69641
9.969891 22.11973 39.67031 33.77734 22.46672 16.62297 21.72141 18.49281 10.16061 3.805922 1.396636 1.167976 3.283941 4.572456 1.20052 0.9325688 1.066234 1.043609 1.406975 0.98675 0.8361593 1.131816 7.859266 18.94889 22.06336 19.12695 13.86958 29.98828 40.39375 33.17344 21.04875 14.58937 16.99531 27.71719 30.63313 33.27078 41.49656 36.64812 31.93906 41.42984 47.38485 39.26453 36.89968 44.64141 57.92688 67.72453 73.13969 61.69406 38.98 38.18156 34.58 17.84861 18.98656 38.71938 58.79313 47.14797 58.92469 71.8614 63.06485 58.87141 47.43797
9.529672 17.61327 34.58453 42.82938 34.94828 27.52172 29.57422 23.60234 16.51797 9.741172 1.460441 0.7867516 0.9248359 1.868922 1.157109 1.146191 1.219891 1.069703 1.592088 1.048473 1.070211 1.926047 1.462125 7.054688 6.517625 7.568016 9.376469 20.25109 24.21734 24.04234 23.53344 13.09953 18.00422 31.70891 35.09703 33.87609 30.38219 26.77984 27.37953 34.02719 35.35609 33.23344 46.21031 61.48515 66.29546 73.60406 68.45609 63.76375 47.75266 33.04797 19.86734 10.21289 20.40766 41.63422 68.5075 76.36047 80.17656 60.45313 36.42156 37.52312 28.27406
7.457875 11.21569 23.74625 30.97078 37.06391 33.35219 28.33516 17.85156 20.09688 13.75523 1.891722 0.7302984 1.018414 1.238281 1.126656 1.025784 1.123172 1.361969 1.771509 1.505247 1.705875 2.296828 1.508922 1.631406 2.030125 2.981688 4.671703 8.239843 9.596328 11.49672 12.88062 10.31633 15.55734 22.85969 24.23844 24.05734 21.22672 21.65562 24.13109 27.10453 29.04828 32.52719 45.34625 62.54062 70.44157 56.59 43.27328 48.43562 51.77453 38.46828 18.83531 9.481954 22.54672 39.96859 63.55828 80.48469 66.23125 41.25781 26.82469 24.06375 24.31391
9.460593 4.902312 15.88294 14.225 17.65734 20.31672 17.38297 10.2253 11.96828 11.12453 6.823673 0.75155 0.7814313 0.7987594 0.7896547 0.9205844 1.366047 1.70625 1.775031 7.899485 6.603531 6.636266 6.877687 9.631688 4.728328 3.524891 5.587156 5.979437 6.242875 6.338109 8.228312 9.166094 11.56984 13.55188 14.06 16.97016 20.35531 26.9225 30.40562 37.66969 37.14359 36.49828 41.22656 47.50156 55.85109 47.72297 27.32047 34.87219 41.04219 24.83906 14.73859 7.215 21.47062 48.54719 56.16813 37.965 26.22922 18.49953 14.57578 26.72266 31.56422
17.18875 8.854843 11.12134 3.715172 8.157657 15.20531 8.424875 3.188266 1.678719 1.269172 0.8222453 0.8379797 0.8849109 0.9483641 0.84215 1.042453 2.031984 1.933937 7.171141 15.11016 14.77188 14.95391 16.69422 20.85359 13.18225 7.81725 7.786313 10.86208 10.86227 13.13078 12.93672 12.03859 11.00313 11.11328 13.18609 15.62703 24.03641 33.63953 37.78531 46.69234 42.25344 44.49797 52.99281 61.38328 58.81688 45.61609 27.87969 27.06906 48.20953 38.48766 19.93813 9.402094 11.54988 26.91097 29.57422 15.77728 10.27302 11.98864 20.12156 25.50359 18.34969
22.59687 12.78867 12.12602 2.839313 6.979844 16.52609 15.11469 6.868813 1.771594 1.026656 1.011981 1.061141 1.066148 1.272359 0.8805922 1.401781 1.714359 2.259828 6.288485 16.79938 20.94141 23.87891 26.24187 30.95844 21.71 13.10648 11.27398 15.93547 15.59594 20.02719 24.58078 20.21781 18.22797 17.07719 17.48078 15.91766 19.02266 24.35781 28.87484 36.06141 33.68656 42.27875 56.72797 56.80875 41.9164 34.96016 25.42578 21.25266 44.63406 44.47156 30.76969 10.97409 6.245937 14.50516 18.24016 8.646375 16.67156 21.84891 18.81313 17.25016 28.26328
21.71563 11.33711 10.43773 2.503844 3.282813 12.23102 25.42484 16.06413 5.341672 1.948414 1.187942 1.074266 1.077156 1.357391 1.172389 1.414438 2.688344 3.425609 5.146766 9.830546 15.90859 24.18203 35.00906 37.56703 25.20687 16.09516 18.36062 20.54719 21.71156 23.97484 32.68 29.03187 25.53344 23.05844 24.55344 22.40047 20.72031 20.59453 22.00453 25.03719 27.85453 35.08735 44.57328 54.45953 37.31953 25.55469 22.16406 15.05781 20.87234 32.56688 25.59547 8.569485 5.806015 11.68125 10.1093 7.891297 17.92781 31.62469 39.15141 26.14 38.47813
23.83203 19.32266 11.30125 2.656047 2.236172 4.644844 23.53906 23.143 13.12767 4.235094 1.014752 0.9429031 1.065164 1.2785 1.205687 1.30708 3.840719 3.422281 8.434015 12.86983 17.72797 29.22563 37.15297 29.38094 22.59641 20.12609 29.14828 29.00234 26.93578 21.46938 30.81187 35.17328 32.79922 25.50234 17.04188 22.09266 27.82672 27.07359 28.27375 30.67453 35.76484 35.99297 40.45781 56.61828 53.20313 37.06094 36.78453 20.26072 11.05276 11.64839 7.938328 4.724891 3.366609 4.886375 4.895844 14.16939 28.69484 42.76203 54.415 36.49641 49.76859
25.09734 20.19656 8.307703 3.192281 1.837203 1.196836 12.99409 23.02969 7.903281 1.342984 1.219134 1.059864 1.475727 1.197695 1.150066 1.27543 1.184945 1.216133 7.359527 20.46219 24.60687 32.39906 40.07625 37.68656 30.78531 24.34859 24.44563 21.82734 24.94341 12.72059 12.42369 15.895 24.13078 28.04406 16.41187 15.89766 28.60016 33.90641 36.87391 41.41344 44.87782 45.32 46.04422 54.23359 47.06781 49.00531 44.28078 30.67203 19.45422 7.619219 2.482141 2.571125 5.469766 10.13633 12.97391 22.76203 39.45515 60.97703 67.07468 53.02719 49.97734
13.22078 17.58984 14.66391 11.14295 2.501391 1.765766 1.040352 10.33986 6.581377 1.025127 0.9025469 0.9941781 0.8854406 0.9268156 0.9949172 1.158503 0.8740625 0.8108828 7.748595 20.00031 19.58219 22.21344 31.47828 44.98406 39.49484 25.14172 11.51906 10.82952 9.435984 5.827391 10.51609 17.51766 25.78641 28.28484 15.55531 9.111266 23.90141 32.71156 37.94109 48.76703 46.42156 44.40906 49.60266 45.57281 30.67984 29.82203 38.865 40.36625 28.02516 11.71906 2.820344 3.480984 12.24305 17.72547 17.62984 20.49438 29.32453 41.84797 54.89609 45.85516 39.12578
11.25359 15.87266 24.16469 14.25608 4.055844 2.222172 1.234219 1.794609 2.261158 0.9351422 1.102297 1.351444 0.941925 1.187128 1.289534 1.104245 0.8684766 0.7556094 9.761978 13.40453 10.43961 17.0525 30.55094 50.42313 50.3925 32.75422 15.67766 3.123969 2.874813 11.48653 20.94062 12.70094 17.02664 19.40594 11.42844 7.743531 22.39437 20.77875 28.74656 43.39594 35.57078 33.70281 43.44016 49.21109 45.25875 29.22516 21.7275 17.61641 13.60211 5.902657 2.778703 2.946766 9.007187 11.23375 10.52234 15.31703 23.13 30.40734 51.72109 43.99422 25.22891
19.35219 21.73109 27.61719 13.43728 10.34498 4.469125 1.098094 1.561387 1.457503 1.500206 1.134178 1.207661 1.244648 1.502906 1.234375 1.126 1.122873 0.9429281 1.88147 4.388672 8.151641 19.54344 36.12719 52.19906 54.59156 34.99625 16.70125 7.345313 2.635766 8.908891 19.31344 9.125594 9.134063 11.34516 4.022609 3.728484 10.09711 11.67266 24.45406 31.85172 32.46359 24.69328 30.13578 35.29125 42.40609 43.23891 35.88656 18.30722 14.30773 5.320625 2.666094 2.704031 3.240484 5.743219 11.46206 22.92531 33.61156 41.14516 52.77766 35.4011 19.82578
18.03891 26.27594 33.87703 30.08016 21.39937 8.501719 1.737781 1.10168 1.101055 1.279297 1.209352 1.135484 1.119047 1.059438 1.110219 1.413578 1.260336 1.303305 2.500172 4.443438 8.922734 17.11109 31.63515 48.49453 48.49453 28.38359 11.26402 3.813797 2.858203 2.507109 3.355297 2.722156 2.608734 2.489516 2.679828 4.218297 6.139312 9.291656 13.8395 31.01219 39.8575 30.04813 21.25297 18.73953 22.63906 37.84766 46.25063 38.01141 24.74063 7.798984 2.380531 2.506297 4.349609 10.16977 15.39172 24.23969 21.91922 22.3825 41.36203 32.79172 15.75403
6.336438 12.33519 22.67719 38.74484 30.54172 17.77453 3.788297 1.122881 0.95575 1.07525 1.402402 1.364541 1.321805 1.212625 1.10488 1.256125 0.9756256 1.176329 6.100781 11.06234 13.30188 23.85031 39.69 41.05141 31.76359 21.67531 14.00164 9.433516 5.493203 2.886484 2.589203 2.785047 4.072344 5.534609 6.728765 13.72227 16.15305 24.08391 27.53 33.30891 44.33453 39.52203 34.72422 26.73953 20.03781 19.23195 26.63195 29.4905 19.15562 8.15461 2.263109 2.458062 7.639453 15.24562 16.39653 19.2284 12.17597 14.37144 31.15734 22.05464 8.759922
2.560109 6.486594 17.89422 28.99562 24.89406 12.75578 3.436031 1.720967 1.366336 1.471969 1.516191 1.646103 1.509773 1.540437 1.356442 1.201055 0.6505787 0.9297584 3.293125 13.72141 19.42766 26.39562 43.89703 39.46156 22.96984 14.83469 22.06047 17.81781 7.128515 2.768281 3.086859 4.55364 11.31367 14.84898 14.47533 19.17578 25.03156 29.79641 28.01906 31.93391 41.62203 37.77828 37.02656 34.23016 29.10188 19.14367 12.02492 8.803938 6.053047 3.881719 2.115609 2.578766 9.485156 11.46164 6.46575 6.347078 4.914953 6.430734 12.35469 7.484015 7.343125
3.762594 9.692438 19.36559 22.90984 11.43431 4.949312 1.960344 1.761172 1.660047 1.966766 1.864078 2.145109 2.232234 2.063875 2.078078 1.582683 0.4159531 0.5113672 5.713828 16.09453 26.02641 31.57641 47.21484 42.06469 21.49531 8.536016 16.23173 13.24075 3.521812 2.808531 2.958375 6.020031 15.17125 11.76375 11.44756 16.83078 24.76063 23.27391 18.745 29.73531 42.38187 36.3264 22.74047 25.06437 30.57141 31.07609 26.61672 11.74294 2.675641 2.023844 2.027172 2.610719 6.716813 3.975172 2.360984 2.574312 3.258938 3.747062 4.812297 6.303672 8.9645
2.936156 8.476547 15.28748 18.42034 12.63014 7.033187 3.272297 2.757094 2.004109 1.817469 1.699209 1.779345 1.558937 1.809852 1.844031 1.670797 0.6802204 0.4585486 7.130431 17.60925 25.51844 37.79422 48.62047 37.05328 17.20936 4.996156 6.402609 12.61684 4.428094 3.028328 3.065281 3.056844 3.18875 2.969297 5.431016 10.93709 18.77041 16.13377 13.87323 25.23031 37.31672 29.96984 19.14094 13.57469 15.36669 25.28309 30.20875 12.98678 2.152109 1.933984 1.935984 3.133578 3.517266 2.105547 2.302063 5.673047 10.05273 12.79875 11.06297 10.24091 14.635
2.597516 3.652516 2.94025 2.447641 2.449922 2.819531 2.348531 1.840753 2.715563 2.318297 0.3043407 0.03790624 0.1370823 0.9040198 1.196691 0.9760901 0.1902867 0.231711 2.271686 10.99984 22.6325 36.18172 42.58141 28.88547 17.48187 8.178359 2.988078 4.453344 2.776844 3.526453 3.746094 3.720156 4.372469 3.433484 3.119141 2.610359 4.221594 7.220578 5.949016 9.826765 22.71188 31.96359 28.96328 24.03391 18.11734 9.96211 12.39756 5.28736 2.090656 1.991125 1.892797 3.982484 2.166797 2.298828 5.950516 12.97281 20.195 26.81141 21.23266 15.18594 15.99766
2.890484 3.423219 2.774078 2.511156 2.709297 1.89875 0.7942265 -0.5060359 -0.03412498 1.373648 -1.290698 -1.58468 -1.425574 -0.6144177 0.002893745 0.008927657 -0.2186898 -0.05852343 10.16708 23.49344 33.54813 41.85516 40.15562 30.43938 24.12953 11.63422 3.634016 3.695922 4.01075 4.475594 4.934922 3.550313 2.437633 1.112359 -0.7203828 -1.209859 0.08998436 0.5057266 0.8817422 1.410516 4.925899 22.42289 31.28203 29.12297 20.87687 14.19039 7.212563 2.253375 2.244094 2.075813 1.669672 2.304828 1.885078 2.616328 7.170828 21.58359 27.71922 32.78094 24.66313 15.21328 12.64063
2.222016 2.671 2.3585 2.424594 1.687159 0.3762078 -2.479658 -2.862952 -2.951672 -2.742851 -2.626642 -2.505859 -2.083734 -1.149953 -0.3149703 -0.1427014 -0.195143 0.6771297 19.27013 37.31813 48.97719 51.18656 45.38891 41.40328 28.08 9.253828 4.740234 5.022938 4.905766 3.946703 1.810297 -0.1257141 -2.212077 -3.404569 -3.662405 -3.814372 -4.356494 -3.340955 -1.052611 -1.024536 0.5704563 3.178365 17.54603 30.13906 27.95422 19.12766 5.140969 2.430687 2.239453 2.225234 1.526047 1.923047 1.835172 1.954781 2.737422 13.57609 20.21625 25.08109 19.94563 11.35828 12.31422
1.874766 2.378594 2.649063 1.866387 0.01932671 -2.060236 -2.912734 -3.113969 -3.10575 -3.002625 -2.589234 -2.797312 -2.295922 -1.27343 -0.3651406 -0.1314891 -0.4997469 3.866495 23.68756 45.30547 56.23938 46.40187 31.98047 30.22419 15.3025 5.377969 4.860813 4.413695 1.615773 -0.3334765 -2.76692 -3.150359 -2.885172 -3.31775 -3.829141 -3.917484 -4.185281 -4.596687 -3.784734 -2.593188 -0.2791308 0.01207809 0.5377316 21.85922 23.32 15.06375 14.74469 9.579812 3.844703 2.141109 2.183203 2.424515 2.3725 1.622813 1.692703 4.668656 11.72727 16.58937 13.01438 10.16273 17.39047
0.9292235 1.682802 1.992262 -0.3436016 -1.950148 -2.936281 -3.112234 -3.001516 -3.234 -3.099703 -2.967328 -2.825859 -2.852703 -1.54318 -0.4296438 -0.2796391 -0.4401172 5.115586 23.42539 44.02563 54.22672 37.10719 15.69375 8.385297 4.56075 3.9395 2.254566 -0.6219453 -2.578977 -3.523625 -3.528406 -3.903172 -3.811109 -4.124703 -3.690922 -3.396375 -3.914859 -4.303453 -4.359484 -4.108109 -2.374633 -0.7140219 -0.1204067 17.21594 31.93 29.48859 24.63109 13.19377 4.628766 2.777984 4.466703 5.130625 5.200562 3.354312 3.203766 7.696875 18.25062 17.9225 10.44809 9.853859 16.83359
