data/elevation/batemans_20m.asc
ncols         411
nrows         551
xllcorner     242781
yllcorner     6038991
cellsize      20
NODATA_value  -9999
[rows 160 to 191 of 551, columns 146 to 218 of 411]
17.54 20.07 22.94 26.25 28.43 27.24 25.97 22.52 19.88 18.66 17.3 16.82 15.81 14.49 12.9 11.6 10.99 13.47 13.19 4.277 2.428 3.389 3.059 3.765 4.884 3.775 3.418 5.153 8.786 12.09 16.41 19.12 19.38 18.33 16.88 15.13 13.32 11.47 10.79 9.673 8.061 5.904 4.114 2.857 1.744 1.326 1.644 2.046 2.039 2.292 1.288 1.003 1.013 0.9767 0.7887 0.8115 0.8859 0.9158 0.905 0.9072 0.9299 0.9683 1.015 0.9936 0.9756 0.9982 1.011 1.053 1.152 1.001 0.9657 0.8853 0.9043
16.96 19.33 22.45 26.31 27.71 28.21 26.67 24.04 22.2 20.07 18.37 16.99 15.71 14.46 12.49 10.88 11.33 13.01 12.25 4.035 4.009 3.056 3.622 4.067 3.668 2.589 2.358 2.648 7.214 11.2 15.14 18.31 19.24 18.8 17.95 16.6 14.71 14.09 13.05 11.57 9.671 7.476 5.549 3.477 1.915 1.597 1.326 1.656 1.703 1.612 1.009 1.001 1.166 0.8941 0.8908 0.8873 0.9188 0.9461 0.9564 0.9393 1.049 1.045 1.016 0.9827 1.028 1.079 1.134 1.089 1.366 1.186 1.069 1.162 0.973
17.47 20.05 22.73 26.52 28.44 29.27 27.37 25.27 22.42 20.05 17.23 15.68 14.21 12.64 11.13 9.537 10.78 14.23 12.13 4.264 3.17 3.68 3.995 2.908 2.314 2.305 2.761 2.08 3.931 9.327 13.19 15.65 17.42 18.24 18.15 17.77 17.22 16.74 15.59 14.2 12.22 9.791 8.15 5.68 2.922 1.265 1.215 1.505 1.999 1.238 0.9342 1.048 1.29 0.7594 0.8925 0.9056 0.934 1.028 1.062 1.182 1.209 1.027 0.9909 0.9505 1.046 1.133 1.223 1.136 1.17 1.395 1.445 1.756 1.647
18.56 20.62 23.19 26.57 28.77 29.13 27.76 24.99 21.98 19.19 16.28 13.35 12.04 10.68 9.15 7.72 9.491 12.89 11.73 4.752 3.869 3.884 3.066 2.482 2.489 2.985 3.049 2.866 2.294 6.575 10.58 13.11 15.6 17.66 19.35 19.88 19.67 19.23 18.33 17.07 14.84 12.64 10.89 8.368 5.865 3.175 1.916 1.664 1.996 1.623 1.122 1.059 1.172 0.887 0.8835 0.9618 0.9633 1.002 1.162 1.411 1.193 1.052 1.048 1.026 1.056 1.14 1.132 1.201 1.239 1.451 1.692 1.522 1.486
18.76 21.25 24.23 27.11 28.73 28.7 26.65 23.72 20.91 18.15 15.3 12.41 9.855 8.075 6.585 6.349 8.856 12.48 10.96 4.495 3.736 2.741 2.363 2.615 2.686 2.437 2.646 2.226 2.426 4.443 8.38 11.56 14.94 18.7 20.94 22.22 21.88 21.55 21.07 19.93 17.74 15.7 13.3 10.14 7.681 5.324 2.698 2.142 1.96 1.748 1.388 1.149 1.059 0.7941 0.9451 0.9449 1.056 1.067 1.253 1.432 1.149 1.16 1.148 1.071 1.051 1.051 1.075 1.174 1.159 1.216 1.372 1.305 1.26
18.38 21.25 24.87 27.52 29.22 28.05 25.35 22.26 19.94 16.58 13.76 10.75 7.979 7.216 5.053 5.588 8.244 12.13 11.2 4.216 2.318 2.635 2.783 2.744 2.687 2.576 2.541 2.48 1.815 3.219 6.889 10.49 14.16 17.71 20.84 22.42 23.91 24.82 24.27 21.82 20.09 17.9 15.14 11.67 9.485 8.415 4.754 2.13 1.723 1.693 1.484 1.228 0.98 0.8976 0.8428 1.047 1.17 1.325 1.384 1.225 1.049 1.122 1.1 1.082 1.014 1.021 1.028 1.084 1.124 1.098 1.385 1.212 1.159
17.49 20.85 23.92 26.27 28.19 27.28 24.5 21.62 19.04 15.06 12.03 10 8.516 7.565 7.257 7.535 9.799 11.57 10.61 2.247 2.427 2.934 2.679 2.674 2.577 2.495 2.331 2.182 2.526 2.732 5.709 9.356 12.82 15.59 18.77 22.6 25.44 26.25 27.06 24.16 22.83 20.62 16.67 12.93 10.84 8.51 5.515 3.825 2.802 2.502 1.977 1.264 0.8933 1.002 1.05 1.19 1.078 1.41 1.324 1.153 1.064 1.092 1.037 1.045 1.036 1.012 1.012 1.02 1.08 1.029 1.115 1.104 1.268
16.14 18.96 21.8 24.31 27.09 26.87 24.9 21.44 18.95 15.71 13.03 11.12 11.11 10.59 10.86 8.566 9.801 13.06 9.554 1.602 2.757 2.962 2.512 2.567 2.672 2.417 2.781 2.792 2.857 2.386 3.297 6.964 10.3 12.32 16.55 21.75 24.79 27.29 28.88 26.75 24.18 22.7 18.55 14.63 11.45 8.591 6.759 6.068 5.58 4.543 2.408 1.315 0.9503 1.008 1.035 1.03 1.161 1.755 1.274 1.122 1.047 1.063 1.053 1.025 1.002 1.002 1.006 1.005 1.018 1.037 1.056 1.017 1.128
14.94 17.3 19.77 22.32 25.47 26.44 25.07 22.32 19.61 17.29 15.04 14.39 14.08 12.98 10.54 8.743 10.13 12.73 10.44 6.632 3.104 2.438 2.524 2.631 2.618 2.91 2.869 2.724 2.555 1.942 1.551 3.841 7.987 10.86 14.8 18.39 22.75 27.4 29.94 29.13 25.87 23.14 19.92 15.09 11.86 9.701 8.702 7.974 8.161 7.27 4.757 1.58 1.091 1.164 1.067 1.028 1.129 1.5 1.187 1.141 1.107 1.073 1.038 1.028 1.018 1.028 1.018 1.01 1.013 0.9932 1.001 1.002 0.9895
13.63 15.45 17.62 20.71 23.92 25.07 23.42 21.3 18.97 17.69 17.36 16.51 14.61 13.44 12.03 10.13 11.31 13.87 13.7 5.068 3.746 2.893 2.85 2.667 2.567 2.483 2.419 2.447 2.069 2.111 1.173 2.275 4.172 8.078 12.27 16.36 22.73 27.77 30.26 29.68 27.86 24.71 20.27 15.83 12.66 11.87 11.23 10.3 9.668 8.867 6.78 2.742 1.121 1.047 0.9838 1.08 1.299 1.477 1.089 1.063 1.124 1.033 0.9894 0.9903 0.9859 0.9779 1.005 0.9939 0.9893 0.9799 0.9856 1.01 1.053
11.26 13.44 16.26 19.46 20.29 20.82 21.13 18.45 19.14 20.29 19.76 18.4 17.03 15.58 13.98 12.1 11.51 14.06 11.57 5.019 4.243 2.524 2.651 2.699 2.666 2.454 2.283 2.267 2.327 2.041 1.475 0.9393 2.193 5.843 10.09 15.18 22.14 27.65 29.76 29.99 28.88 25.27 21.18 18.07 15.21 14.36 13.31 12.26 11.46 10.66 8.434 4.621 0.8485 0.8663 1.001 1.216 1.638 1.316 0.9685 1.039 1.023 0.964 0.9653 0.9658 0.9511 0.9252 0.9328 0.9421 0.9722 1.019 0.9992 1.015 1.012
9.871 12.45 15.22 17 18.07 19.75 19.73 23.51 24.5 24.21 22.79 21.1 19.09 17.29 15.69 13.1 11.35 14.67 10.56 5.425 3.474 2.446 2.578 2.658 2.591 2.502 2.427 2.302 2.114 1.957 1.758 1.214 0.8617 3.667 8.31 14.53 20.92 25.35 28.5 30.28 29.92 27.35 23.16 20.09 17.65 16.28 15.03 13.91 13.17 11.84 10.06 5.259 2.01 0.5451 1.073 1.435 1.793 1.173 0.9316 1.063 1.024 0.9779 0.9502 0.9589 0.9445 0.923 0.9443 0.9929 1.053 0.9862 1.058 1.154 1.238
9.937 12.22 14.62 16.44 18.43 20.67 23.42 26.54 26.36 26.23 25.48 23.55 21.43 19.25 17.25 13.64 11.96 14.17 10.59 5.355 2.986 2.331 2.7 2.589 2.496 2.519 2.45 2.227 2.061 1.991 1.827 1.624 0.9663 1.761 5.15 11.9 17.81 21.83 25.43 29.3 30.84 28.36 24.88 21.86 19.85 18.18 16.27 14.66 13.6 12.59 10.14 5.751 1.872 0.4803 1.1 1.587 1.334 0.8682 0.9769 1.037 0.9905 1.004 0.9245 0.9421 0.9753 0.9938 0.9659 1.028 1.101 1.002 1.251 1.433 1.324
11.15 13.46 14.85 16.97 19.22 22.2 25.26 26.68 28.14 27.7 27.48 24.96 22.63 20.18 17.4 13.79 11.96 13.2 10.4 4.387 2.937 2.255 2.714 2.485 2.45 2.506 2.431 2.287 2.076 2.035 1.739 1.423 1.232 0.8595 3.205 8.182 13.21 17.64 21.8 27.36 30.22 29.16 26.89 23.81 20.86 18.9 17.08 14.75 12.68 11.47 8.895 5.203 0.3531 0.8258 1.365 1.675 1.165 0.9491 1.002 0.927 0.9678 1.039 0.9057 0.951 1.005 1.072 1.179 0.9677 1.382 1.605 1.659 1.458 1.247
11.45 12.47 16.18 17.52 19.37 22.47 25.13 27.76 29.22 29.12 28.57 25.8 22.72 20.29 15.51 13.31 11.95 13.08 8.954 3.896 2.698 2.316 2.526 2.581 2.453 2.421 2.241 2.074 2.079 1.965 1.645 1.353 1.227 0.8452 1.308 4.01 9.017 13.24 19.76 25.91 29.21 29.42 27.85 24.65 21.59 18.53 16.39 13.62 11.19 9.358 7.049 2.692 0.6153 1.081 1.497 1.384 1.125 1.026 1.022 0.9719 0.9306 0.9356 0.9091 1.025 1.076 1.094 1.236 1.47 1.395 1.364 1.402 1.428 1.313
10.32 14.18 17.28 17.47 19.41 22.96 25.76 27.73 28.88 30.02 29.34 26.26 23.19 19.09 14.68 13.46 12.17 13.26 7.36 3.851 2.925 2.383 2.503 2.534 2.216 2.358 2.111 2.112 2.091 1.768 1.572 1.256 0.9737 0.9812 0.7414 1.73 5.067 11.74 18.25 23.64 28.16 28.61 26.95 24.17 20.9 17.26 14.83 12.03 8.659 4.945 2.113 0.5942 0.9703 1.072 1.259 1.328 1.081 1.054 1.108 0.9924 0.9713 0.9694 1.088 1.122 1.079 1.098 1.202 1.314 1.268 1.441 1.431 1.145 1.228
8.473 12.15 15.91 17 18.45 21.99 24.77 26.23 27.92 29.71 29.04 26.11 23.62 18.91 15.33 13.53 12.8 12.36 6.837 3.556 3.023 2.808 2.478 2.227 2.04 2.254 1.948 1.699 1.575 1.747 1.675 1.593 1.639 1.253 0.8119 1.075 4.326 10.53 16.74 21.95 25.55 27.01 25.92 22.92 19.54 15.67 11.96 8.883 4.797 2.202 1.161 0.4902 0.8079 0.8482 1.521 1.524 1.288 1.329 1.246 0.9893 1.04 1.01 1.048 1.139 1.165 1.376 1.429 1.357 1.431 1.445 1.748 1.98 1.751
7.149 9.34 11.49 15.87 16.91 19.77 22.27 23.06 27 28.02 28.07 25.61 22.74 18.63 15.28 13.36 13.13 11.49 7.849 3.983 3.86 4.223 3.917 3.475 2.725 2.188 1.778 1.698 1.938 1.978 1.761 1.687 1.511 1.052 1.01 0.5584 3.538 9.123 14.73 18.41 21.98 24.2 24.16 21.63 18.59 14.21 9.338 3.835 1.602 0.8832 1.091 1.046 0.8861 0.8272 1.263 1.335 1.466 1.64 1.556 1.317 1.113 1.033 1.061 1.113 1.118 1.177 1.443 1.497 1.31 1.192 1.448 1.414 1.107
5.51 7.485 9.03 12.85 14.57 16.97 18.75 19.89 23.59 25.85 26.23 24.97 22.26 18.91 15.13 13.46 12.93 12.81 7.785 5.012 5.466 6.305 6.205 5.916 4.235 2.65 2.193 2.137 2.077 1.94 1.77 1.624 1.21 1.011 1.274 1.035 0.5988 4.784 10.21 13.69 17.4 19.6 21.42 20.82 18.18 15.02 10.27 5.26 1.866 1.07 1.097 1.065 0.8197 0.7793 0.8344 0.8838 1.072 1.271 1.329 1.265 1.159 1.072 1.029 1.088 1.227 1.267 1.469 1.326 1.162 1.098 1.054 1.022 0.962
3.874 5.642 8.096 9.874 12.04 14.35 16.45 18.2 20.37 22.55 24.16 23.69 22.2 19.04 15.73 13.63 13.1 12.93 7.33 6.754 7.319 7.671 8.185 7.759 6.268 3.076 2.378 2.307 1.943 1.894 1.726 1.395 1.036 1.106 1.678 1.847 1.563 0.8888 4.452 8.432 12.05 14.98 18.95 19.33 17.94 15.01 12.38 6.977 1.965 0.7369 1.16 0.9952 0.7686 0.7729 0.7685 0.7611 0.9547 0.9058 0.983 0.9826 1.122 0.9518 0.9173 1.048 1.286 1.444 1.438 1.226 1.099 1.009 0.9767 0.9476 0.9192
2.445 3.305 5.672 7.879 10.08 12.13 13.15 15.34 16.75 19.27 21.23 21.87 21.58 19.87 16.5 14.21 13.32 13.73 10.41 9.824 9.676 9.694 9.608 9.29 7.349 4.007 1.992 2.338 2.057 1.834 1.422 1.141 1.332 1.729 1.748 1.818 1.864 1.291 0.5615 2.935 6.375 11.26 15.49 17.37 17.88 14.91 11.67 7.887 2.337 1.598 1.493 0.876 0.6675 0.7591 0.7712 0.8182 0.9321 0.7461 0.7932 0.7884 0.8964 0.802 0.7799 0.9301 0.9239 1.055 1.017 0.9695 0.939 0.9257 0.8795 0.8687 0.8562
2.367 2.266 3.71 5.471 8.056 9.497 10.64 12.28 14.17 16.46 18.12 19.12 20.71 19.83 16.97 14.87 13.53 14.52 12.58 11.97 12.05 12.06 11.07 10.55 8.771 5.491 1.928 2.297 2.013 1.936 1.291 1.119 1.281 1.706 1.878 1.988 1.926 1.548 0.9901 0.7949 1.913 8.588 12.3 15.58 16.14 14.51 11.3 7.158 1.603 1.608 1.121 0.8194 0.8207 0.8494 0.8146 0.8504 0.8918 0.8293 0.8041 0.7909 0.6397 0.8047 0.805 0.841 0.8654 0.853 0.8222 0.7378 0.7995 0.7931 0.775 0.7979 0.8089
2.449 2.298 2.678 3.429 5.272 6.941 8.841 10.5 12.42 14.09 15.82 17.47 19.3 19.68 18.08 15.07 15.4 15.39 14.92 14.97 14.96 14.61 13.31 12.2 10.19 6.994 2.724 2.269 2.183 1.862 1.297 1.289 1.512 1.88 2.021 2.142 1.923 1.423 0.7834 0.9923 1.238 4.371 8.649 12.78 14.52 13.37 10.7 5.369 0.9101 0.9267 0.7643 0.6854 0.7003 0.8317 0.8468 0.8615 0.8783 0.9283 0.9129 1.069 1.13 1.017 0.8632 0.8477 0.7857 0.8022 0.8092 0.7742 0.7392 0.7344 0.7399 0.7137 0.7055
2.388 2.818 3.134 3.511 4.167 4.992 6.831 8.627 10.51 11.72 13.83 15.63 17.08 18.52 18.02 17.07 17.27 18.04 17.95 17.69 17.41 17.06 15.3 13.29 10.8 8.319 3.519 2.241 2.197 1.79 1.427 1.507 1.738 1.987 2.125 2.171 1.782 0.9832 1.324 1.388 0.3892 1.306 4.729 9.831 12.71 12.47 8.572 2.851 0.3438 0.5992 0.8184 1.078 1.152 0.9813 0.8794 0.8907 1.271 1.379 1.414 1.533 1.596 1.536 1.28 0.8494 0.8345 0.8513 0.8949 0.8115 0.8245 0.8414 0.7872 0.7924 0.8256
2.465 2.822 4.469 5.162 4.846 5.567 5.852 6.985 8.957 10.59 12.35 13.82 15.6 17.4 18.91 18.8 19.19 20.04 20.71 20.38 19.88 19.21 16.77 14.07 10.9 8.745 4.913 2.26 1.917 1.928 1.696 1.754 2.043 2.149 2.181 2.197 1.676 1.394 1.507 1.298 1.001 0.5041 1.979 6.466 8.547 10.9 6.564 1.303 0.6904 1.135 0.9559 1.307 1.401 0.8021 1.022 0.9501 1.149 1.117 1.099 1.034 1.193 1.267 1.383 1.101 0.7797 0.6932 0.7343 0.7219 0.7507 0.8041 0.7818 0.6892 0.7371
2.532 3.614 5.098 6.748 6.823 6.379 6.857 6.64 7.901 9.639 10.95 12.69 14.77 16.83 18.59 20.19 21.21 22.03 24.48 22.99 21.77 20.99 17.54 14.7 10.86 8.352 5.267 1.724 1.985 2.117 1.623 1.712 1.891 2.261 2.098 2.164 1.877 1.612 1.421 0.9258 0.6206 0.9021 0.8422 1.646 3.442 6.385 3.357 0.9717 0.9394 1.161 1.301 1.223 1.117 1.048 1.099 0.8354 0.8357 0.7391 0.8369 0.7768 0.925 0.8925 0.9371 0.8459 0.6623 0.9461 1.055 0.9927 0.9351 0.789 0.7248 0.9714 1.066
2.356 3.099 5.75 8.064 9.079 9.035 8.846 8.55 8.542 9.518 10.15 12.26 14.23 16.08 18.23 20.44 21.82 23.52 26.15 24.66 22.62 20.36 17.18 13.79 9.944 7.871 5.273 2.405 2.326 2.267 1.833 1.599 1.703 2.251 1.917 2.129 1.918 1.885 1.578 0.9542 0.7917 0.9488 0.9484 0.5852 0.7255 0.7644 0.8594 1.057 0.9707 1.035 1.416 1.009 0.937 1.344 1.314 0.7641 0.869 0.8623 0.8957 0.764 0.8416 0.828 0.8649 1.134 1.193 1.31 1.473 1.411 1.732 1.699 1.178 1.522 1.442
2.075 2.803 5.786 8.185 9.739 10.87 10.96 10.77 10.53 10.08 10.2 11.73 13.38 15.42 17.73 20.29 21.83 24.25 27.4 26.03 22.48 19.5 16.2 12.55 8.953 7.26 4.753 3.266 2.919 2.646 2.199 1.749 1.591 2.312 2.106 2.109 2.041 2.06 0.974 0.8144 0.8351 0.9921 1.323 1.2 1.451 0.8772 0.9601 1.111 1.006 1.287 1.347 1.074 0.8705 1.441 1.203 0.7112 0.7573 0.7763 0.8249 0.6597 0.9514 1.165 1.347 1.444 1.373 1.352 1.634 1.446 1.33 1.255 1.397 1.486 1.335
1.945 2.771 5.219 7.924 10.14 12.27 13.37 13.13 12.78 12.39 12.47 12.11 13.41 14.9 17.36 20.06 22.04 24.03 27.66 26.05 22.07 18.24 14.84 11.46 8.496 6.367 5.216 4.344 3.926 3.557 2.681 1.631 1.687 2.064 2.161 2.221 2.18 1.899 0.857 0.8295 0.8073 0.9879 1.394 1.624 1.144 0.8703 0.9628 1.105 1.106 1.126 0.9054 1.217 0.9705 1.672 0.8934 0.7507 1.057 0.5711 1.141 1.384 1.37 1.436 1.452 1.006 1.119 1.127 0.8853 1.039 1.121 1.069 1.34 1.311 1.13
1.96 2.86 5.096 7.994 11.61 14.08 15.26 15.61 15.28 15.04 14.89 14.58 14.3 15.31 17.12 19.94 22.37 24.68 26.71 26.83 21.66 18.44 14.96 11.19 8.187 6.719 6.082 5.62 5.517 4.501 3.247 2.035 1.518 1.805 2.154 2.29 2.183 1.392 0.9626 0.8944 0.8426 0.9988 1.375 1.772 1.029 0.8231 0.9225 1.041 0.9217 0.7671 0.994 1.386 1.541 1.428 0.7683 1.074 1.384 1.411 1.444 1.352 1.26 1.131 0.9624 0.8972 1.017 1.028 1.376 1.438 1.466 1.534 1.358 1.172 1.354
2.091 2.373 5.271 8.543 12.04 15.11 16.84 17.48 17.89 17.71 17.24 17.14 16.87 16.91 18.05 20.84 22.45 24.44 27.89 26.9 22.53 18.89 14.61 11.37 8.511 8.09 7.683 8.31 8.042 7.312 5.635 3.839 1.58 1.559 1.954 2.174 2.008 1.399 0.8053 0.9763 0.932 0.923 1.579 1.5 0.8561 0.8562 0.9142 1.017 0.8076 1.213 1.202 1.464 1.7 1.28 1.386 1.611 1.725 1.461 1.634 1.175 1.056 1.173 0.9507 1.045 1.111 1.229 1.227 1.149 1.626 1.512 1.341 1.355 1.524
2.11 2.273 5.456 9.09 12.07 15.08 17.67 19.49 20.43 20.57 19.94 19.66 19.78 19.69 20.45 22.03 23.47 24.37 28.9 26.86 23.09 18.38 14.08 11.21 8.832 9.131 9.572 10.37 10.03 9.4 8.013 6.143 3.466 1.388 1.552 1.822 1.631 1.106 0.9368 1.029 0.9483 1.033 1.611 1.252 0.9851 0.9539 0.9851 0.9332 0.9565 1.491 1.696 1.774 1.974 1.59 1.599 1.364 1.363 1.131 1.398 1.367 0.9316 1.162 1.124 1.099 1.104 1.205 1.177 1.063 1.396 1.444 1.523 1.572 1.552
