data/elevation/batemans_elevation.asc
ncols         155
nrows         142
xllcorner     239681
yllcorner     6036351
cellsize      100
NODATA_value  -9999
[rows 81 to 107 of 142, columns 61 to 121 of 155]
41.15656 41.33078 21.07078 1.436273 1.804773 3.617312 3.189047 2.044656 2.141656 0.3224375 -1.446766 -1.299325 -1.004848 -1.029364 -0.256525 7.797875 6.405219 -1.801812 -4.560422 -5.130828 -6.1515 -6.603531 -6.816141 -7.141203 -8.274547 -8.884781 -9.679235 -9.602688 -10.32086 -10.50133 -10.53773 -11.06703 -10.83828 -9.803906 -11.93641 -11.945 -12.25328 -12.47594 -12.47844 -12.67188 -12.74031 -12.94422 -13.04625 -13.31844 -13.42141 -13.93 -14.12453 -13.32141 -14.06359 -14.86438 -14.73719 -14.53953 -15.5575 -15.91141 -15.66797 -16.98266 -17.58344 -17.56469 -17.3475 -17.75328 -18.78312
30.43391 35.55344 20.84266 3.204633 1.472117 2.714734 4.04389 3.069734 2.138453 1.902828 0.8635468 -0.05833283 -0.1451063 0.07104219 -0.3811266 15.13217 0.5024844 -4.165875 -5.66925 -5.821531 -6.867359 -7.126031 -7.265828 -7.192062 -7.708687 -8.571266 -9.204156 -9.487609 -10.11148 -10.55719 -10.68625 -11.38188 -11.91859 -11.94516 -12.35406 -11.83328 -12.15719 -12.15719 -12.64484 -12.95078 -13.08172 -12.98094 -13.12203 -13.33797 -13.65188 -14.00422 -14.29328 -14.23312 -14.63469 -14.87297 -15.39969 -15.54891 -16.02547 -15.59813 -15.91953 -16.81 -17.39828 -17.37172 -18.10844 -18.20719 -19.00891
19.64797 25.40266 14.13406 3.447609 1.789984 1.543031 3.155844 3.614609 2.839531 2.101016 2.012766 1.68088 2.274636 5.009987 13.97719 17.05919 -0.1143141 -4.108142 -5.415078 -6.117016 -7.279859 -7.669 -7.569797 -7.067765 -7.534281 -8.434984 -9.278234 -9.760282 -9.891421 -10.57064 -10.53312 -11.20234 -11.81891 -11.93687 -11.79578 -11.92844 -12.79156 -12.29156 -13.01734 -12.60453 -13.425 -13.90703 -13.50703 -13.70438 -13.69922 -14.27266 -14.00609 -14.41859 -14.50063 -15.07172 -15.40781 -15.93563 -16.09906 -16.42406 -13.56156 -16.20547 -17.07422 -17.08594 -19.23969 -19.48438 -19.14406
13.47616 18.49311 14.7305 4.395531 1.583672 1.334687 1.3785 3.047344 4.747906 4.905485 7.660578 13.70141 12.09203 14.51313 13.93844 10.24322 -0.1322125 -4.184806 -5.403906 -6.278219 -7.169343 -8.259656 -7.454078 -6.944625 -7.610468 -8.589922 -9.175656 -9.863672 -10.16156 -10.41078 -11.35234 -11.04828 -11.1825 -12.39344 -12.69156 -12.33359 -12.59047 -12.52563 -12.83469 -13.405 -13.24609 -13.27891 -13.47937 -14.19297 -13.81391 -13.87719 -14.47359 -14.70813 -15.05547 -15.65625 -15.50969 -16.1075 -16.00984 -15.90203 -16.71266 -17.36047 -18.14156 -18.01656 -19.05594 -17.53281 -17.61906
7.7745 7.188562 5.013765 3.235453 2.042297 1.614328 1.269812 3.848906 12.76078 13.14086 16.60039 23.72812 21.33 21.28859 16.36984 7.243165 0.2444375 -3.148188 -5.277281 -6.094375 -7.044422 -7.92325 -6.946516 -6.509891 -7.324047 -8.493969 -9.261907 -9.625984 -10.34672 -10.65375 -11.35437 -11.52187 -11.36266 -12.14156 -12.60734 -13.01203 -13.03125 -13.20469 -13.1025 -13.45844 -13.355 -13.55188 -13.81609 -13.62656 -13.92656 -13.98906 -14.92094 -15.30578 -15.145 -14.79813 -15.50547 -16.33281 -15.88375 -16.75641 -16.51609 -17.32688 -18.18531 -18.37828 -18.61016 -16.10719 -16.00531
18.14762 10.18786 3.709391 2.120375 1.668469 1.477609 1.440828 4.786797 16.39203 22.1975 25.13938 24.74219 22.84406 22.59172 18.8675 8.792775 0.7795625 -3.151734 -4.911109 -5.282656 -5.130359 -5.941219 -5.173469 -6.120125 -7.41686 -8.659828 -8.977531 -9.822547 -10.09477 -10.41859 -11.53953 -11.47812 -11.65953 -12.61031 -12.49953 -12.96281 -13.18359 -13.37656 -13.31969 -13.38969 -13.59484 -13.89328 -13.99734 -13.96016 -13.93047 -14.27422 -14.27719 -14.61906 -15.03719 -15.28406 -15.88906 -16.13516 -15.64 -16.4775 -17.53094 -17.20266 -18.18531 -17.99547 -17.34844 -16.10641 -15.835
32.60234 15.30367 2.702734 1.475766 1.232844 1.327688 1.821656 3.595203 9.958203 19.19891 29.34266 25.19062 17.01813 12.95484 9.736703 5.696828 2.722697 -2.281131 -3.932094 -3.723187 -3.772156 -3.629344 -0.3635656 -4.715593 -7.519984 -8.357094 -9.030297 -10.12698 -10.45242 -10.56828 -11.07766 -11.68266 -12.27984 -12.39859 -12.69734 -13.28406 -13.49484 -13.13859 -13.25109 -14.42484 -13.94266 -13.74422 -13.90172 -13.73141 -14.19531 -14.26016 -14.45641 -14.81359 -15.34344 -15.02391 -15.53719 -16.71 -15.92719 -16.2225 -17.66266 -16.59188 -18.32531 -18.64875 -18.47109 -17.54469 -18.63391
28.86416 11.20244 2.06525 1.246602 1.132258 1.910109 2.620391 3.580422 10.72117 26.44922 38.11906 32.73344 21.47641 12.74109 6.698016 3.862875 2.690438 0.8210937 -2.293302 -2.702953 -2.632531 -2.661438 -2.721094 -5.72336 -7.535672 -8.519578 -9.496265 -9.693937 -10.50242 -11.305 -10.98812 -11.77391 -12.13656 -12.53891 -13.19859 -13.18547 -13.58 -13.36281 -13.77312 -13.57938 -13.3625 -14.1375 -14.35344 -14.17828 -14.96125 -15.27219 -14.86828 -14.52203 -15.45281 -15.46297 -16.06953 -15.42109 -16.32625 -17.09734 -16.70516 -18.71938 -17.885 -16.59359 -16.745 -16.78156 -18.50172
11.93241 6.315609 2.100531 2.187438 2.308234 6.263703 7.650703 4.900922 10.55203 23.80703 36.60094 37.98563 26.41688 18.77156 10.93445 4.032422 2.230953 1.98693 0.4242703 -0.7361753 -0.3889547 -0.6928125 -2.632894 -5.95025 -7.672406 -8.744204 -9.189375 -9.963203 -10.52234 -10.95594 -11.41875 -12.12594 -12.06625 -12.80141 -13.03094 -13.28938 -13.5875 -13.50156 -14.07609 -14.41453 -14.03734 -14.24359 -13.83234 -14.28625 -14.64734 -14.85672 -14.79734 -15.225 -15.44547 -15.48141 -16.28328 -15.45406 -16.30547 -16.77891 -16.7825 -17.66047 -17.64562 -17.30031 -16.77109 -16.62062 -18.26547
3.547328 5.662562 6.608656 8.583922 3.515734 10.64855 17.60844 9.113421 10.13602 19.50625 31.27281 37.84969 29.33328 22.90281 12.39609 3.921016 1.905016 2.208609 1.51057 2.738668 10.41378 12.72242 0.7963015 -5.176969 -7.524828 -8.679438 -9.409922 -10.08758 -10.42234 -10.82859 -11.38672 -11.86969 -12.40219 -12.84437 -12.95672 -13.62766 -13.45859 -14.20859 -14.45031 -14.35984 -14.43891 -13.91859 -14.5675 -14.46438 -15.2575 -15.02938 -14.59266 -15.34297 -15.48766 -16.09 -15.87469 -15.71109 -16.48672 -16.34297 -17.02547 -18.19719 -18.36281 -17.79094 -15.73672 -17.64484 -18.61
2.419937 6.319703 15.22759 18.43969 7.504282 9.130062 20.02922 15.82045 15.31977 25.49719 37.07531 28.83766 20.75594 14.42156 8.334672 2.404281 1.707266 2.097812 2.331453 4.131234 7.453985 2.989418 -2.554824 -6.118203 -7.416469 -8.665219 -9.413719 -10.08773 -10.15211 -10.83219 -11.17641 -11.77188 -12.39844 -13.01016 -13.07219 -13.54734 -13.40875 -14.03141 -14.03937 -14.37016 -14.29703 -14.51656 -14.85266 -14.48516 -15.29875 -15.31437 -15.18719 -15.27953 -15.00406 -15.28063 -15.76469 -15.99422 -16.85031 -17.88078 -17.71953 -17.87187 -18.04594 -18.75453 -17.99828 -18.81953 -19.14266
3.314656 5.823328 12.01341 23.99438 13.99691 8.845735 16.50992 26.85438 23.21266 22.6525 28.02312 22.67203 10.99197 6.713531 2.244891 1.789984 3.112266 3.614844 2.075125 3.129 5.217686 -0.08806405 -3.316791 -6.129766 -7.616593 -8.519797 -9.556766 -10.41547 -10.81922 -10.97937 -11.72937 -12.61063 -12.49609 -12.55625 -13.00656 -13.41984 -14.48203 -14.41641 -14.6525 -14.6275 -13.88625 -14.67141 -14.86766 -14.95187 -15.65703 -16.07813 -15.175 -15.49641 -16.10516 -16.01687 -16.07703 -16.54547 -17.25187 -16.82063 -18.30109 -18.02453 -17.07281 -17.49937 -18.87 -18.9625 -19.85969
4.401 7.751469 15.11867 27.90625 16.55289 13.6732 21.13094 28.11109 21.72297 15.79562 17.22406 17.78311 8.074125 2.845609 2.808609 2.750313 6.470547 7.235703 2.965031 3.240578 5.077967 -0.195332 -3.076988 -4.451809 -7.498594 -8.686875 -8.924969 -10.13372 -11.41078 -11.44438 -11.58922 -12.10109 -12.66734 -13.58141 -13.32078 -13.60828 -14.12438 -14.57516 -14.50672 -14.68047 -14.58219 -15.13297 -14.93609 -15.58875 -15.19234 -15.29469 -15.69344 -16.22906 -16.56516 -16.3175 -16.47156 -16.40328 -16.75469 -16.50156 -17.84125 -16.93281 -17.95765 -16.39906 -18.05172 -18.37328 -19.07391
6.87639 11.73936 20.96094 29.01719 18.23406 21.29188 31.545 25.79391 19.68469 12.95656 9.184999 7.805687 3.396312 3.373266 5.678219 6.596094 11.30195 8.803437 2.730266 2.464484 3.6271 1.193254 -0.2956442 2.842722 -5.6925 -8.230782 -8.982469 -9.232 -10.63578 -10.99359 -11.63062 -12.49953 -13.03375 -14.22906 -14.36609 -13.95828 -14.27516 -14.41734 -14.95359 -15.67031 -14.78844 -15.22594 -15.33453 -15.62313 -16.03453 -15.87125 -16.23797 -15.91266 -16.70031 -16.855 -16.6075 -16.05953 -16.86094 -16.63906 -16.56313 -17.06641 -17.60453 -17.21781 -18.19 -18.27953 -17.78328
11.8045 19.6431 29.23734 31.21656 24.30453 34.04828 40.85219 30.97812 24.9575 19.14031 10.43059 5.066657 3.087031 6.459219 14.17238 14.63272 13.99547 7.624063 2.232156 3.830844 8.631782 9.857485 18.24613 3.271209 -1.957687 -7.076703 -8.954563 -8.753312 -10.07359 -10.82906 -11.14594 -12.40266 -13.50672 -13.96219 -12.35266 -14.78484 -14.47719 -14.10922 -15.42984 -15.26625 -15.27063 -15.63937 -16.05969 -16.58844 -16.31328 -16.28203 -16.54281 -16.30812 -16.59813 -16.10359 -16.87422 -16.44062 -16.82141 -16.54953 -16.26375 -16.37891 -16.37109 -17.24531 -16.85453 -16.56047 -15.27031
13.20797 23.21891 38.17578 40.9525 36.89047 38.18578 36.24375 28.83016 21.72078 18.06383 11.52167 3.512734 4.544516 7.15225 16.77712 19.85281 12.18122 4.848953 1.786188 5.920328 14.49312 18.08375 23.21719 24.67517 0.4284219 -7.331812 -9.243453 -9.581063 -10.02289 -10.57734 -11.53656 -11.70125 -12.57891 -10.96937 -10.48159 -13.10516 -14.19031 -14.40672 -15.95828 -16.54141 -16.05313 -16.24375 -16.75672 -17.24922 -16.51453 -16.86609 -17.16969 -16.88062 -16.29641 -17.12375 -17.53391 -17.74547 -17.94141 -17.93203 -17.36516 -16.23985 -15.55984 -14.41531 -15.18734 -14.6225 -13.5475
18.23078 28.70422 39.3625 49.50578 44.80094 32.23922 26.18375 22.70734 17.36969 12.74039 8.080625 6.329312 9.543672 8.652109 14.11919 20.17719 11.92125 7.259453 2.574547 5.98225 15.39836 23.91594 29.47031 22.36828 2.773623 -5.212548 -8.276766 -9.989125 -10.1857 -10.30562 -11.63656 -12.41594 -11.51359 -10.71281 -10.31547 -12.12156 -13.33672 -15.30156 -15.84719 -15.50406 -15.35641 -16.16734 -16.68781 -16.11016 -17.54797 -17.08156 -17.08 -18.21828 -17.80484 -17.58141 -17.71531 -18.22844 -17.38219 -17.72125 -17.29875 -14.66359 -15.89969 -13.10352 -12.71858 -11.81266 -11.11797
30.44719 37.49875 50.98438 60.36906 51.23219 41.35797 36.49078 33.15031 25.90797 17.33297 7.185235 11.04267 16.72609 11.90797 15.07825 21.58109 19.46391 14.52281 6.41525 3.615375 9.232344 18.84328 29.90937 22.00333 1.81417 -5.454267 -7.684422 -10.42194 -9.883203 -10.15156 -12.00609 -12.86203 -12.605 -12.35969 -12.43016 -14.11609 -14.50625 -15.87344 -16.72688 -15.60953 -16.50562 -16.13688 -15.22297 -15.60781 -17.72375 -17.88234 -17.70344 -17.68469 -18.36109 -18.57125 -19.12781 -18.70813 -18.74234 -17.88219 -17.6425 -12.81203 -15.38406 -10.07773 -9.699985 -9.096953 -8.962812
43.35922 52.63109 67.35719 76.385 61.05469 49.87734 37.30437 30.54469 23.27969 15.86406 7.235562 14.28406 21.1675 15.50813 19.10656 27.35234 27.56484 18.25391 9.051641 5.152953 13.78273 19.76859 29.66625 12.05702 -2.202859 -6.653359 -9.358063 -10.44266 -10.29205 -10.30142 -11.95281 -13.25609 -12.62984 -13.92594 -14.02391 -16.315 -16.07578 -16.07422 -15.97781 -16.81734 -16.82328 -17.72406 -16.81594 -15.76625 -16.9675 -17.49328 -18.14203 -18.96031 -18.71984 -18.92297 -19.11797 -18.99859 -18.12375 -15.65969 -12.94187 -19.29844 -15.30359 -10.19039 -7.024609 -7.029375 -6.812094
38.76969 61.07906 83.40984 80.21812 58.85703 40.49609 29.50266 22.30297 19.21047 16.46125 9.916016 13.12984 21.41859 20.18266 24.95766 32.73844 30.69516 20.84203 10.76805 6.833375 17.46938 25.5475 28.05764 0.4576906 -4.183344 -7.16186 -6.609687 -9.640453 -9.903672 -10.76625 -11.85063 -12.45516 -12.96375 -14.86766 -15.94547 -15.73531 -16.47969 -16.52188 -18.35672 -18.32 -16.92562 -17.91156 -18.48875 -17.7025 -18.47859 -18.29031 -17.66156 -18.4525 -19.77797 -19.64437 -18.04734 -20.05922 -16.89891 -15.80984 -11.54105 -18.6725 -17.42734 -13.11094 -9.693376 -8.980422 -5.519907
36.74688 58.60625 82.96625 83.52797 63.26406 46.86172 38.55156 30.22484 22.59719 17.32922 12.44891 11.94641 23.91734 26.47281 33.90922 36.86734 26.95313 18.525 10.39242 12.33609 18.03016 24.21375 2.2483 -0.05994376 -4.433516 -8.303672 -10.50412 -10.93828 -10.65594 -10.82703 -11.54016 -12.37953 -13.66375 -13.57859 -15.36703 -15.895 -14.17703 -17.36844 -17.07141 -16.5025 -14.925 -16.36953 -18.40797 -18.25641 -16.01594 -17.31281 -18.04766 -18.41547 -18.36359 -18.31203 -18.07484 -18.41516 -18.10984 -15.25984 -18.7825 -19.52344 -17.93687 -15.08375 -13.81547 -11.70264 -6.230797
34.14453 52.41016 69.87797 76.06313 54.16953 39.81797 32.76563 24.69516 21.13703 20.59562 16.01844 14.60812 24.00172 32.96344 40.99125 40.94 28.64063 18.74375 14.66734 21.03922 26.59266 29.04578 19.20853 -0.8602797 -4.297226 -8.672421 -8.615531 -9.831094 -10.32156 -10.74031 -11.18469 -13.06156 -14.20359 -14.83328 -14.32719 -15.89578 -11.79898 -13.53336 -17.01594 -15.95406 -17.68438 -14.80469 -16.51344 -18.99 -17.99953 -19.81594 -19.05469 -18.41625 -17.9425 -18.15266 -19.68109 -15.40109 -17.77938 -17.0075 -20.77234 -19.16641 -18.13688 -17.1275 -16.41391 -14.13905 -7.38025
37.20687 61.24203 75.26656 76.62843 57.36078 42.42875 30.25187 24.20922 27.31187 28.36266 19.79062 17.33281 18.70219 27.29516 37.22078 44.38328 32.43703 23.67922 24.00516 28.00687 24.20875 26.65172 27.98031 17.73091 0.9177108 -4.102125 -4.310141 -6.295703 -9.323937 -10.64948 -11.70188 -13.36703 -14.02656 -15.03984 -15.70141 -15.28922 -15.5983 -16.42642 -18.62016 -5.485188 -16.78406 -15.90984 -17.31469 -20.72906 -19.42219 -20.51906 -21.26234 -20.97266 -19.96828 -18.70578 -17.3525 -16.43984 -15.75437 -18.34578 -21.63172 -19.59094 -19.06969 -18.57281 -17.88484 -15.11255 -3.160661
40.61625 65.58109 85.74172 71.73203 55.5761 39.30656 32.20937 36.10047 37.05172 32.48453 18.10922 22.69469 19.29547 23.36656 31.02953 42.71203 35.10828 32.66609 33.39375 26.11891 17.03092 15.84123 17.75648 3.858577 10.44825 0.07931563 -2.287295 -4.090406 -9.404219 -11.68812 -11.91469 -13.11906 -13.94641 -13.62687 -16.10125 -16.82266 -16.85469 -17.77031 -13.19078 -6.330563 -17.09 -18.10172 -17.39625 -16.25312 -20.80156 -20.39453 -20.55875 -19.86766 -20.16594 -18.80344 -13.33781 -15.10392 -16.21461 -20.14578 -23.20625 -21.01047 -20.58063 -19.76031 -18.73547 -15.71505 -1.234094
41.01172 62.67265 86.12187 69.48469 49.38688 41.52047 44.75453 49.80391 44.87453 33.19875 23.48063 30.4075 29.59422 28.74187 36.86953 47.94609 41.60453 36.59672 28.14406 22.73547 11.41065 3.23067 0.8064725 -0.0628872 0.01031407 -2.586039 -5.546766 -6.840875 -10.09164 -11.585 -12.81141 -13.91781 -14.57219 -15.655 -16.05391 -16.22969 -17.42016 -18.70687 -17.47578 -8.942344 -17.445 -19.27156 -20.00672 -19.80703 -17.36859 -18.25766 -16.78453 -16.59328 -15.90609 -13.95062 -13.29281 -15.11789 -14.11523 -21.55625 -22.77594 -22.76328 -21.05547 -20.74219 -19.78578 -17.30539 -8.754609
46.03281 67.88906 89.6961 72.005 58.85406 56.24547 57.51391 52.44922 42.35969 32.97688 22.81656 36.98875 40.37391 39.38484 40.07656 49.24453 38.96469 28.285 20.34016 15.77094 6.159574 -0.2211891 -2.520793 -3.288426 -3.106225 -6.985234 -8.532 -9.552125 -11.49906 -12.16625 -12.42234 -13.90297 -15.15891 -15.44484 -16.04922 -16.28281 -17.90609 -18.67328 -18.25078 -17.07234 -18.40516 -18.64187 -19.81688 -14.32578 -16.635 -17.87953 -15.29547 -15.7675 -12.36 -12.15844 -14.22875 -15.66078 -19.93281 -21.45234 -22.61031 -23.45391 -22.44453 -22.29141 -21.96859 -19.74656 -14.68453
57.39235 78.14156 97.44218 85.38953 79.66828 73.68156 58.59625 44.57125 34.09656 31.85281 34.61344 38.46812 38.32906 46.68219 47.99297 38.43594 32.17625 27.29813 19.41891 15.23991 7.855259 -0.2346234 -2.899055 -4.6355 -6.228906 -8.011016 -8.806156 -7.282047 -8.479843 -12.01219 -13.18875 -14.6025 -14.37 -14.91922 -16.55203 -17.17344 -17.37297 -17.38078 -15.66891 -18.72344 -16.20906 -18.45594 -20.15172 -17.03812 -14.47516 -16.02047 -16.04891 -14.83203 -12.61859 -13.74516 -15.52875 -21.19312 -23.45172 -22.51813 -23.41047 -24.22969 -24.38141 -24.27672 -25.19969 -22.09094 -19.06641
